JCT00000	46700	16	0	1	0	0	1
JCT00000	46701	16	0	1	0	0	1
JCT00000	46702	16	0	1	0	0	1
JCT00000	46703	16	0	1	0	0	1
JCT00000	46704	16	0	1	0	0	1
JCT00000	46705	16	0	1	0	0	1
JCT00000	46706	16	0	1	0	0	1
JCT00000	46707	16	0	1	0	0	1
JCT00000	46708	16	0	1	0	0	1
JCT00001	46700	18	0	1	0	0	1
JCT00002	46700	20	0	1	0	0	1
JCT00003	46700	22	0	1	0	0	1
JCT00004	46700	24	0	1	0	0	1
JCT00005	46700	26	0	1	0	0	1
JCT00006	46700	28	0	1	0	0	1
JCT00007	46700	30	0	1	0	0	1
JCT00008	46700	32	0	1	0	0	1
JCT00009	46700	34	0	1	0	0	1
JCT00009	46701	34	0	1	0	0	1
JCT00009	46702	34	0	1	0	0	1
JCT00010	46700	36	0	1	0	0	1
JCT00010	46703	36	0	1	0	0	1
JCT00010	46704	36	0	1	0	0	1
JCT00011	46700	38	0	1	0	0	1
JCT00011	46705	38	0	1	0	0	1
JCT00011	46706	38	0	1	0	0	1
JCT00012	46700	40	0	1	0	0	1
JCT00012	46707	40	0	1	0	0	1
JCT00012	46708	40	0	1	0	0	1
JCT00013	46700	42	0	1	0	0	1
JCT00013	46701	42	0	1	0	0	1
JCT00013	46702	42	0	1	0	0	1
JCT00014	46700	44	0	1	0	0	1
JCT00014	46703	44	0	1	0	0	1
JCT00014	46704	44	0	1	0	0	1
JCT00015	46700	46	0	1	0	0	1
JCT00015	46705	46	0	1	0	0	1
JCT00015	46706	46	0	1	0	0	1
JCT00016	46700	48	0	1	0	0	1
JCT00016	46707	48	0	1	0	0	1
JCT00016	46708	48	0	1	0	0	1
JCT00017	46700	525	4	1	0	0	1
JCT00017	46701	525	4	1	0	0	1
JCT00017	46702	525	4	1	0	0	1
JCT00017	46703	525	4	1	0	0	1
JCT00017	46704	525	4	1	0	0	1
JCT00017	46705	525	4	1	0	0	1
JCT00017	46706	525	4	1	0	0	1
JCT00017	46707	525	4	1	0	0	1
JCT00017	46708	525	4	1	0	0	1
JCT00018	46030	16	0	1	0	0	0
JCT00018	46031	16	0	1	0	0	0
JCT10000	46700	50	0	1	0	0	1
JCT10000	46701	50	0	1	0	0	1
JCT10000	46702	50	0	1	0	0	1
JCT10001	46700	51	3	1	0	0	1
JCT10002	46700	51	4	1	0	0	1
JCT10002	46701	51	4	1	0	0	1
JCT10002	46702	51	4	1	0	0	1
JCT10003	46700	51	5	1	0	0	1
JCT10004	46700	51	6	1	0	0	1
JCT10005	46700	51	7	1	0	0	1
JCT10006	46700	52	5	1	0	0	1
JCT10007	46700	52	6	1	0	0	1
JCT10008	46700	52	7	1	0	0	1
JCT10009	46700	53	0	1	0	0	1
JCT10010	46700	54	0	1	0	0	1
JCT10011	46700	55	0	1	0	0	1
JCT10012	46700	56	0	1	0	0	1
JCT10013	46700	57	0	1	0	0	1
JCT10014	46700	58	0	1	0	0	1
JCT10015	46700	59	0	1	0	0	1
JCT10016	46700	60	0	1	0	0	1
JCT10017	46700	61	0	1	0	0	1
JCT10018	46700	62	0	1	0	0	1
JCT10019	46700	63	0	1	0	0	1
JCT10020	46700	64	0	1	0	0	1
JCT10021	46700	65	0	1	0	0	1
JCT10022	46700	66	0	1	0	0	1
JCT10023	46700	67	0	1	0	0	1
JCT10024	46700	68	0	1	0	0	1
JCT10025	46700	69	0	1	0	0	1
JCT10026	46700	70	0	1	0	0	1
JCT10027	46700	71	0	1	0	0	1
JCT10028	46700	72	0	1	0	0	1
JCT10029	46700	73	0	1	0	0	1
JCT10030	46700	74	0	1	0	0	1
JCT10031	46700	75	0	1	0	0	1
JCT10032	46700	76	0	1	0	0	1
JCT10033	46700	77	0	1	0	0	1
JCT10034	46700	79	0	1	0	0	1
JCT10035	46700	81	0	1	0	0	1
JCT10035	46701	81	0	1	0	0	1
JCT10036	46700	83	0	1	0	0	1
JCT10036	46702	83	0	1	0	0	1
JCT10037	46700	85	0	1	0	0	1
JCT10038	46700	86	0	1	0	0	1
JCT10039	46700	87	0	1	0	0	1
JCT10040	46700	88	0	1	0	0	1
JCT10041	46700	89	0	1	0	0	1
JCT10042	46700	90	0	1	0	0	1
JCT10043	46700	91	0	1	0	0	1
JCT10044	46700	92	0	1	0	0	1
JCT10045	46700	93	0	1	0	0	1
JCT10046	46700	94	0	1	0	0	1
JCT10047	46700	95	0	1	0	0	1
JCT10048	46700	96	0	1	0	0	1
JCT10049	46700	97	0	1	0	0	1
JCT10050	46700	98	0	1	0	0	1
JCT10051	46700	99	0	1	0	0	1
JCT10052	46700	100	0	1	0	0	1
JCT10053	46700	101	0	1	0	0	1
JCT10054	46700	102	0	1	0	0	1
JCT10055	46700	103	0	1	0	0	1
JCT10056	46700	104	0	1	0	0	1
JCT10057	46700	105	0	1	0	0	1
JCT10058	46700	106	0	1	0	0	1
JCT10059	46700	107	0	1	0	0	1
JCT10060	46700	108	0	1	0	0	1
JCT10061	46700	109	0	1	0	0	1
JCT10062	46700	110	0	1	0	0	1
JCT10063	46700	111	0	1	0	0	1
JCT10064	46700	112	0	1	0	0	1
JCT10065	46700	113	0	1	0	0	1
JCT10066	46700	114	0	1	0	0	1
JCT10067	46700	115	0	1	0	0	1
JCT10068	46700	116	0	1	0	0	1
JCT10069	46700	117	0	1	0	0	1
JCT10070	46700	118	0	1	0	0	1
JCT10071	46700	119	0	1	0	0	1
JCT10072	46700	120	0	1	0	0	1
JCT10073	46700	121	0	1	0	0	1
JCT10074	46700	122	0	1	0	0	1
JCT10075	46700	123	0	1	0	0	1
JCT10076	46700	124	0	1	0	0	1
JCT10077	46700	125	0	1	0	0	1
JCT10078	46700	126	0	1	0	0	1
JCT10079	46700	127	0	1	0	0	1
JCT10080	46700	128	0	1	0	0	1
JCT10081	46700	129	0	1	0	0	1
JCT10082	46700	130	0	1	0	0	1
JCT10083	46700	131	0	1	0	0	1
JCT10084	46700	132	0	1	0	0	1
JCT10085	46700	133	0	1	0	0	1
JCT10086	46700	134	0	1	0	0	1
JCT10087	46700	135	0	1	0	0	1
JCT10088	46700	136	0	1	0	0	1
JCT10089	46700	137	0	1	0	0	1
JCT10090	46700	138	0	1	0	0	1
JCT10091	46700	139	0	1	0	0	1
JCT10092	46700	140	0	1	0	0	1
JCT10093	46700	141	0	1	0	0	1
JCT10094	46700	142	0	1	0	0	1
JCT10095	46700	143	0	1	0	0	1
JCT10096	46700	144	0	1	0	0	1
JCT10097	46700	145	0	1	0	0	1
JCT10098	46700	146	0	1	0	0	1
JCT10099	46700	147	0	1	0	0	1
JCT10100	46700	148	0	1	0	0	1
JCT10101	46700	149	0	1	0	0	1
JCT10102	46700	150	0	1	0	0	1
JCT10103	46700	151	0	1	0	0	1
JCT10104	46700	152	0	1	0	0	1
JCT10105	46700	153	0	1	0	0	1
JCT10106	46700	154	0	1	0	0	1
JCT10107	46700	155	0	1	0	0	1
JCT10108	46700	156	0	1	0	0	1
JCT10109	46700	157	0	1	0	0	1
JCT10110	46700	158	0	1	0	0	1
JCT10111	46700	159	0	1	0	0	1
JCT10112	46700	160	0	1	0	0	1
JCT10113	46700	161	0	1	0	0	1
JCT10114	46700	162	0	1	0	0	1
JCT10115	46700	163	0	1	0	0	1
JCT10116	46700	164	0	1	0	0	1
JCT10117	46700	165	0	1	0	0	1
JCT10118	46700	166	0	1	0	0	1
JCT10119	46700	167	0	1	0	0	1
JCT10120	46700	168	0	1	0	0	1
JCT10121	46700	169	6	1	0	0	1
JCT10122	46700	169	7	1	0	0	1
JCT10123	46700	170	0	1	0	0	1
JCT10124	46700	172	0	1	0	0	1
JCT10125	46700	174	0	1	0	0	1
JCT10126	46700	176	0	1	0	0	1
JCT10127	46700	178	0	1	0	0	1
JCT11000	46700	180	0	1	0	0	1
JCT11000	46703	180	0	1	0	0	1
JCT11000	46704	180	0	1	0	0	1
JCT11001	46700	181	3	1	0	0	1
JCT11002	46700	181	4	1	0	0	1
JCT11002	46703	181	4	1	0	0	1
JCT11002	46704	181	4	1	0	0	1
JCT11003	46700	181	5	1	0	0	1
JCT11004	46700	181	6	1	0	0	1
JCT11005	46700	181	7	1	0	0	1
JCT11006	46700	182	5	1	0	0	1
JCT11007	46700	182	6	1	0	0	1
JCT11008	46700	182	7	1	0	0	1
JCT11009	46700	183	0	1	0	0	1
JCT11010	46700	184	0	1	0	0	1
JCT11011	46700	185	0	1	0	0	1
JCT11012	46700	186	0	1	0	0	1
JCT11013	46700	187	0	1	0	0	1
JCT11014	46700	188	0	1	0	0	1
JCT11015	46700	189	0	1	0	0	1
JCT11016	46700	190	0	1	0	0	1
JCT11017	46700	191	0	1	0	0	1
JCT11018	46700	192	0	1	0	0	1
JCT11019	46700	193	0	1	0	0	1
JCT11020	46700	194	0	1	0	0	1
JCT11021	46700	195	0	1	0	0	1
JCT11022	46700	196	0	1	0	0	1
JCT11023	46700	197	0	1	0	0	1
JCT11024	46700	198	0	1	0	0	1
JCT11025	46700	199	0	1	0	0	1
JCT11026	46700	200	0	1	0	0	1
JCT11027	46700	201	0	1	0	0	1
JCT11028	46700	202	0	1	0	0	1
JCT11029	46700	203	0	1	0	0	1
JCT11030	46700	204	0	1	0	0	1
JCT11031	46700	205	0	1	0	0	1
JCT11032	46700	206	0	1	0	0	1
JCT11033	46700	207	0	1	0	0	1
JCT11034	46700	209	0	1	0	0	1
JCT11035	46700	211	0	1	0	0	1
JCT11035	46703	211	0	1	0	0	1
JCT11036	46700	213	0	1	0	0	1
JCT11036	46704	213	0	1	0	0	1
JCT11037	46700	215	0	1	0	0	1
JCT11038	46700	216	0	1	0	0	1
JCT11039	46700	217	0	1	0	0	1
JCT11040	46700	218	0	1	0	0	1
JCT11041	46700	219	0	1	0	0	1
JCT11042	46700	220	0	1	0	0	1
JCT11043	46700	221	0	1	0	0	1
JCT11044	46700	222	0	1	0	0	1
JCT11045	46700	223	0	1	0	0	1
JCT11046	46700	224	0	1	0	0	1
JCT11047	46700	225	0	1	0	0	1
JCT11048	46700	226	0	1	0	0	1
JCT11049	46700	227	0	1	0	0	1
JCT11050	46700	228	0	1	0	0	1
JCT11051	46700	229	0	1	0	0	1
JCT11052	46700	230	0	1	0	0	1
JCT11053	46700	231	0	1	0	0	1
JCT11054	46700	232	0	1	0	0	1
JCT11055	46700	233	0	1	0	0	1
JCT11056	46700	234	0	1	0	0	1
JCT11057	46700	235	0	1	0	0	1
JCT11058	46700	236	0	1	0	0	1
JCT11059	46700	237	0	1	0	0	1
JCT11060	46700	238	0	1	0	0	1
JCT11061	46700	239	0	1	0	0	1
JCT11062	46700	240	0	1	0	0	1
JCT11063	46700	241	0	1	0	0	1
JCT11064	46700	242	0	1	0	0	1
JCT11065	46700	243	0	1	0	0	1
JCT11066	46700	244	0	1	0	0	1
JCT11067	46700	245	0	1	0	0	1
JCT11068	46700	246	0	1	0	0	1
JCT11069	46700	247	0	1	0	0	1
JCT11070	46700	248	0	1	0	0	1
JCT11071	46700	249	0	1	0	0	1
JCT11072	46700	250	0	1	0	0	1
JCT11073	46700	251	0	1	0	0	1
JCT11074	46700	252	0	1	0	0	1
JCT11075	46700	253	0	1	0	0	1
JCT11076	46700	254	0	1	0	0	1
JCT11077	46700	255	0	1	0	0	1
JCT11078	46700	256	0	1	0	0	1
JCT11079	46700	257	0	1	0	0	1
JCT11080	46700	258	0	1	0	0	1
JCT11081	46700	259	0	1	0	0	1
JCT11082	46700	260	0	1	0	0	1
JCT11083	46700	261	0	1	0	0	1
JCT11084	46700	262	0	1	0	0	1
JCT11085	46700	263	0	1	0	0	1
JCT11086	46700	264	0	1	0	0	1
JCT11087	46700	265	0	1	0	0	1
JCT11088	46700	266	0	1	0	0	1
JCT11089	46700	267	0	1	0	0	1
JCT11090	46700	268	0	1	0	0	1
JCT11091	46700	269	0	1	0	0	1
JCT11092	46700	270	0	1	0	0	1
JCT11093	46700	271	0	1	0	0	1
JCT11094	46700	272	0	1	0	0	1
JCT11095	46700	273	0	1	0	0	1
JCT11096	46700	274	0	1	0	0	1
JCT11097	46700	275	0	1	0	0	1
JCT11098	46700	276	0	1	0	0	1
JCT11099	46700	277	0	1	0	0	1
JCT11100	46700	278	0	1	0	0	1
JCT11101	46700	279	0	1	0	0	1
JCT11102	46700	280	0	1	0	0	1
JCT11103	46700	281	0	1	0	0	1
JCT11104	46700	282	0	1	0	0	1
JCT11105	46700	283	0	1	0	0	1
JCT11106	46700	284	0	1	0	0	1
JCT11107	46700	285	0	1	0	0	1
JCT11108	46700	286	0	1	0	0	1
JCT11109	46700	287	0	1	0	0	1
JCT11110	46700	288	0	1	0	0	1
JCT11111	46700	289	0	1	0	0	1
JCT11112	46700	290	0	1	0	0	1
JCT11113	46700	291	0	1	0	0	1
JCT11114	46700	292	0	1	0	0	1
JCT11115	46700	293	0	1	0	0	1
JCT11116	46700	294	0	1	0	0	1
JCT11117	46700	295	0	1	0	0	1
JCT11118	46700	296	0	1	0	0	1
JCT11119	46700	297	0	1	0	0	1
JCT11120	46700	298	0	1	0	0	1
JCT11121	46700	299	6	1	0	0	1
JCT11122	46700	299	7	1	0	0	1
JCT11123	46700	300	0	1	0	0	1
JCT11124	46700	302	0	1	0	0	1
JCT11125	46700	304	0	1	0	0	1
JCT11126	46700	306	0	1	0	0	1
JCT11127	46700	308	0	1	0	0	1
JCT12000	46700	310	0	1	0	0	1
JCT12000	46705	310	0	1	0	0	1
JCT12000	46706	310	0	1	0	0	1
JCT12001	46700	311	3	1	0	0	1
JCT12002	46700	311	4	1	0	0	1
JCT12002	46705	311	4	1	0	0	1
JCT12002	46706	311	4	1	0	0	1
JCT12003	46700	311	5	1	0	0	1
JCT12004	46700	311	6	1	0	0	1
JCT12005	46700	311	7	1	0	0	1
JCT12006	46700	312	5	1	0	0	1
JCT12007	46700	312	6	1	0	0	1
JCT12008	46700	312	7	1	0	0	1
JCT12009	46700	313	0	1	0	0	1
JCT12010	46700	314	0	1	0	0	1
JCT12011	46700	315	0	1	0	0	1
JCT12012	46700	316	0	1	0	0	1
JCT12013	46700	317	0	1	0	0	1
JCT12014	46700	318	0	1	0	0	1
JCT12015	46700	319	0	1	0	0	1
JCT12016	46700	320	0	1	0	0	1
JCT12017	46700	321	0	1	0	0	1
JCT12018	46700	322	0	1	0	0	1
JCT12019	46700	323	0	1	0	0	1
JCT12020	46700	324	0	1	0	0	1
JCT12021	46700	325	0	1	0	0	1
JCT12022	46700	326	0	1	0	0	1
JCT12023	46700	327	0	1	0	0	1
JCT12024	46700	328	0	1	0	0	1
JCT12025	46700	329	0	1	0	0	1
JCT12026	46700	330	0	1	0	0	1
JCT12027	46700	331	0	1	0	0	1
JCT12028	46700	332	0	1	0	0	1
JCT12029	46700	333	0	1	0	0	1
JCT12030	46700	334	0	1	0	0	1
JCT12031	46700	335	0	1	0	0	1
JCT12032	46700	336	0	1	0	0	1
JCT12033	46700	337	0	1	0	0	1
JCT12034	46700	339	0	1	0	0	1
JCT12035	46700	341	0	1	0	0	1
JCT12035	46705	341	0	1	0	0	1
JCT12036	46700	343	0	1	0	0	1
JCT12036	46706	343	0	1	0	0	1
JCT12037	46700	345	0	1	0	0	1
JCT12038	46700	346	0	1	0	0	1
JCT12039	46700	347	0	1	0	0	1
JCT12040	46700	348	0	1	0	0	1
JCT12041	46700	349	0	1	0	0	1
JCT12042	46700	350	0	1	0	0	1
JCT12043	46700	351	0	1	0	0	1
JCT12044	46700	352	0	1	0	0	1
JCT12045	46700	353	0	1	0	0	1
JCT12046	46700	354	0	1	0	0	1
JCT12047	46700	355	0	1	0	0	1
JCT12048	46700	356	0	1	0	0	1
JCT12049	46700	357	0	1	0	0	1
JCT12050	46700	358	0	1	0	0	1
JCT12051	46700	359	0	1	0	0	1
JCT12052	46700	360	0	1	0	0	1
JCT12053	46700	361	0	1	0	0	1
JCT12054	46700	362	0	1	0	0	1
JCT12055	46700	363	0	1	0	0	1
JCT12056	46700	364	0	1	0	0	1
JCT12057	46700	365	0	1	0	0	1
JCT12058	46700	366	0	1	0	0	1
JCT12059	46700	367	0	1	0	0	1
JCT12060	46700	368	0	1	0	0	1
JCT12061	46700	369	0	1	0	0	1
JCT12062	46700	370	0	1	0	0	1
JCT12063	46700	371	0	1	0	0	1
JCT12064	46700	372	0	1	0	0	1
JCT12065	46700	373	0	1	0	0	1
JCT12066	46700	374	0	1	0	0	1
JCT12067	46700	375	0	1	0	0	1
JCT12068	46700	376	0	1	0	0	1
JCT12069	46700	377	0	1	0	0	1
JCT12070	46700	378	0	1	0	0	1
JCT12071	46700	379	0	1	0	0	1
JCT12072	46700	380	0	1	0	0	1
JCT12073	46700	381	0	1	0	0	1
JCT12074	46700	382	0	1	0	0	1
JCT12075	46700	383	0	1	0	0	1
JCT12076	46700	384	0	1	0	0	1
JCT12077	46700	385	0	1	0	0	1
JCT12078	46700	386	0	1	0	0	1
JCT12079	46700	387	0	1	0	0	1
JCT12080	46700	388	0	1	0	0	1
JCT12081	46700	389	0	1	0	0	1
JCT12082	46700	390	0	1	0	0	1
JCT12083	46700	391	0	1	0	0	1
JCT12084	46700	392	0	1	0	0	1
JCT12085	46700	393	0	1	0	0	1
JCT12086	46700	394	0	1	0	0	1
JCT12087	46700	395	0	1	0	0	1
JCT12088	46700	396	0	1	0	0	1
JCT12089	46700	397	0	1	0	0	1
JCT12090	46700	398	0	1	0	0	1
JCT12091	46700	399	0	1	0	0	1
JCT12092	46700	400	0	1	0	0	1
JCT12093	46700	401	0	1	0	0	1
JCT12094	46700	402	0	1	0	0	1
JCT12095	46700	403	0	1	0	0	1
JCT12096	46700	404	0	1	0	0	1
JCT12097	46700	405	0	1	0	0	1
JCT12098	46700	406	0	1	0	0	1
JCT12099	46700	407	0	1	0	0	1
JCT12100	46700	408	0	1	0	0	1
JCT12101	46700	409	0	1	0	0	1
JCT12102	46700	410	0	1	0	0	1
JCT12103	46700	411	0	1	0	0	1
JCT12104	46700	412	0	1	0	0	1
JCT12105	46700	413	0	1	0	0	1
JCT12106	46700	414	0	1	0	0	1
JCT12107	46700	415	0	1	0	0	1
JCT12108	46700	416	0	1	0	0	1
JCT12109	46700	417	0	1	0	0	1
JCT12110	46700	418	0	1	0	0	1
JCT12111	46700	419	0	1	0	0	1
JCT12112	46700	420	0	1	0	0	1
JCT12113	46700	421	0	1	0	0	1
JCT12114	46700	422	0	1	0	0	1
JCT12115	46700	423	0	1	0	0	1
JCT12116	46700	424	0	1	0	0	1
JCT12117	46700	425	0	1	0	0	1
JCT12118	46700	426	0	1	0	0	1
JCT12119	46700	427	0	1	0	0	1
JCT12120	46700	428	0	1	0	0	1
JCT12121	46700	429	6	1	0	0	1
JCT12122	46700	429	7	1	0	0	1
JCT12123	46700	430	0	1	0	0	1
JCT12124	46700	432	0	1	0	0	1
JCT12125	46700	434	0	1	0	0	1
JCT12126	46700	436	0	1	0	0	1
JCT12127	46700	438	0	1	0	0	1
JCT13000	46700	440	0	1	0	0	1
JCT13001	46700	444	0	1	0	0	1
JCT13002	46700	448	0	1	0	0	1
JCT13003	46700	452	0	1	0	0	1
JCT13003	46707	452	0	1	0	0	1
JCT13003	46708	452	0	1	0	0	1
JCT13004	46700	456	0	1	0	0	1
JCT13005	46700	460	0	1	0	0	1
JCT13006	46700	464	0	1	0	0	1
JCT13007	46700	468	0	1	0	0	1
JCT13008	46700	472	0	1	0	0	1
JCT13008	46707	472	0	1	0	0	1
JCT13008	46708	472	0	1	0	0	1
JCT13009	46700	476	0	1	0	0	1
JCT13009	46707	476	0	1	0	0	1
JCT13009	46708	476	0	1	0	0	1
JCT13010	46700	480	0	1	0	0	1
JCT13011	46700	484	0	1	0	0	1
JCT13012	46700	488	0	1	0	0	1
JCT13013	46700	492	0	1	0	0	1
JCT13014	46700	496	0	1	0	0	1
JCT13015	46700	500	0	1	0	0	1
JCT13016	46700	504	0	1	0	0	1
JCT13017	46700	508	0	1	0	0	1
JCT13018	46700	512	0	1	0	0	1
JCT13019	46700	516	0	1	0	0	1
JCT13020	46700	520	0	1	0	0	1
JCT20000	46700	529	7	1	0	0	1
JCT20001	46700	531	1	1	0	0	1
JCT20002	46700	531	6	1	0	0	1
JCT20003	46700	533	2	1	0	0	1
JCT20004	46700	534	5	1	0	0	1
JCT20005	46700	536	0	1	0	0	1
JCT20006	46700	537	0	1	0	0	1
JCT20007	46700	538	0	1	0	0	1
JCT20008	46700	539	0	1	0	0	1
JCT20009	46700	542	0	1	0	0	1
JCT20010	46700	543	0	1	0	0	1
JCT20011	46700	545	0	1	0	0	1
JCT20012	46700	547	0	1	0	0	1
JCT20013	46700	548	0	1	0	0	1
JCT20014	46700	548	1	1	0	0	1
JCT20015	46700	549	2	1	0	0	1
JCT20015	46701	549	2	1	0	0	1
JCT20015	46702	549	2	1	0	0	1
JCT20016	46700	551	6	1	0	0	1
JCT20016	46701	551	6	1	0	0	1
JCT20016	46702	551	6	1	0	0	1
JCT20017	46700	552	0	1	0	0	1
JCT20018	46700	552	1	1	0	0	1
JCT20019	46700	553	2	1	0	0	1
JCT20019	46701	553	2	1	0	0	1
JCT20019	46702	553	2	1	0	0	1
JCT20020	46700	555	6	1	0	0	1
JCT20020	46701	555	6	1	0	0	1
JCT20020	46702	555	6	1	0	0	1
JCT20021	46700	556	0	1	0	0	1
JCT20022	46700	556	1	1	0	0	1
JCT20023	46700	557	2	1	0	0	1
JCT20023	46701	557	2	1	0	0	1
JCT20023	46702	557	2	1	0	0	1
JCT20024	46700	559	6	1	0	0	1
JCT20024	46701	559	6	1	0	0	1
JCT20024	46702	559	6	1	0	0	1
JCT20025	46700	560	0	1	0	0	1
JCT20026	46700	560	1	1	0	0	1
JCT20027	46700	561	2	1	0	0	1
JCT20027	46701	561	2	1	0	0	1
JCT20027	46702	561	2	1	0	0	1
JCT20028	46700	563	6	1	0	0	1
JCT20028	46701	563	6	1	0	0	1
JCT20028	46702	563	6	1	0	0	1
JCT20029	46700	564	0	1	0	0	1
JCT20030	46700	565	4	1	0	0	1
JCT20031	46700	568	0	1	0	0	1
JCT20032	46700	569	4	1	0	0	1
JCT20033	46700	572	0	1	0	0	1
JCT20034	46700	573	4	1	0	0	1
JCT20035	46700	576	0	1	0	0	1
JCT20036	46700	577	4	1	0	0	1
JCT20037	46700	580	2	1	0	0	1
JCT20038	46700	581	7	1	0	0	1
JCT20039	46700	583	1	1	0	0	1
JCT20040	46700	583	7	1	0	0	1
JCT20041	46700	585	7	1	0	0	1
JCT20042	46700	586	0	1	0	0	1
JCT20042	46701	586	0	1	0	0	1
JCT20043	46700	587	0	1	0	0	1
JCT20043	46702	587	0	1	0	0	1
JCT20044	46700	591	2	1	0	0	1
JCT20045	46700	591	3	1	0	0	1
JCT20046	46700	591	4	1	0	0	1
JCT20047	46700	591	6	1	0	0	1
JCT20048	46700	592	3	1	0	0	1
JCT20049	46700	593	6	1	0	0	1
JCT20050	46700	594	4	1	0	0	1
JCT20051	46700	595	2	1	0	0	1
JCT20052	46700	595	3	1	0	0	1
JCT20053	46700	595	4	1	0	0	1
JCT20054	46700	595	6	1	0	0	1
JCT20055	46700	596	3	1	0	0	1
JCT20056	46700	597	6	1	0	0	1
JCT20057	46700	598	4	1	0	0	1
JCT20058	46700	599	2	1	0	0	1
JCT20059	46700	599	3	1	0	0	1
JCT20060	46700	599	4	1	0	0	1
JCT20061	46700	599	6	1	0	0	1
JCT20062	46700	600	3	1	0	0	1
JCT20063	46700	601	6	1	0	0	1
JCT20064	46700	602	4	1	0	0	1
JCT20065	46700	603	2	1	0	0	1
JCT20066	46700	603	3	1	0	0	1
JCT20067	46700	603	4	1	0	0	1
JCT20068	46700	603	6	1	0	0	1
JCT20069	46700	604	3	1	0	0	1
JCT20070	46700	605	6	1	0	0	1
JCT20071	46700	606	4	1	0	0	1
JCT20072	46700	607	2	1	0	0	1
JCT20073	46700	607	3	1	0	0	1
JCT20074	46700	607	4	1	0	0	1
JCT20075	46700	607	6	1	0	0	1
JCT20076	46700	608	3	1	0	0	1
JCT20077	46700	609	6	1	0	0	1
JCT20078	46700	610	4	1	0	0	1
JCT20079	46700	611	2	1	0	0	1
JCT20080	46700	611	3	1	0	0	1
JCT20081	46700	611	4	1	0	0	1
JCT20082	46700	611	6	1	0	0	1
JCT20083	46700	612	3	1	0	0	1
JCT20084	46700	613	6	1	0	0	1
JCT20085	46700	614	4	1	0	0	1
JCT20086	46700	615	2	1	0	0	1
JCT20087	46700	615	3	1	0	0	1
JCT20088	46700	615	4	1	0	0	1
JCT20089	46700	615	6	1	0	0	1
JCT20090	46700	616	3	1	0	0	1
JCT20091	46700	617	6	1	0	0	1
JCT20092	46700	618	4	1	0	0	1
JCT20093	46700	619	2	1	0	0	1
JCT20094	46700	619	3	1	0	0	1
JCT20095	46700	619	4	1	0	0	1
JCT20096	46700	619	6	1	0	0	1
JCT20097	46700	620	3	1	0	0	1
JCT20098	46700	621	6	1	0	0	1
JCT20099	46700	622	4	1	0	0	1
JCT20100	46700	623	2	1	0	0	1
JCT20101	46700	623	3	1	0	0	1
JCT20102	46700	623	4	1	0	0	1
JCT20103	46700	623	6	1	0	0	1
JCT20104	46700	624	3	1	0	0	1
JCT20105	46700	625	6	1	0	0	1
JCT20106	46700	626	4	1	0	0	1
JCT20107	46700	627	2	1	0	0	1
JCT20108	46700	627	3	1	0	0	1
JCT20109	46700	627	4	1	0	0	1
JCT20110	46700	627	6	1	0	0	1
JCT20111	46700	628	3	1	0	0	1
JCT20112	46700	629	6	1	0	0	1
JCT20113	46700	630	4	1	0	0	1
JCT20114	46700	631	2	1	0	0	1
JCT20115	46700	631	3	1	0	0	1
JCT20116	46700	631	4	1	0	0	1
JCT20117	46700	631	6	1	0	0	1
JCT20118	46700	632	3	1	0	0	1
JCT20119	46700	633	6	1	0	0	1
JCT20120	46700	634	4	1	0	0	1
JCT20121	46700	635	2	1	0	0	1
JCT20122	46700	635	3	1	0	0	1
JCT20123	46700	635	4	1	0	0	1
JCT20124	46700	635	6	1	0	0	1
JCT20125	46700	636	3	1	0	0	1
JCT20126	46700	637	6	1	0	0	1
JCT20127	46700	638	4	1	0	0	1
JCT20128	46700	639	2	1	0	0	1
JCT20129	46700	639	3	1	0	0	1
JCT20130	46700	639	4	1	0	0	1
JCT20131	46700	639	6	1	0	0	1
JCT20132	46700	640	3	1	0	0	1
JCT20133	46700	641	6	1	0	0	1
JCT20134	46700	642	4	1	0	0	1
JCT20135	46700	643	2	1	0	0	1
JCT20136	46700	643	3	1	0	0	1
JCT20137	46700	643	4	1	0	0	1
JCT20138	46700	643	6	1	0	0	1
JCT20139	46700	644	3	1	0	0	1
JCT20140	46700	645	6	1	0	0	1
JCT20141	46700	646	4	1	0	0	1
JCT20142	46700	647	2	1	0	0	1
JCT20143	46700	647	3	1	0	0	1
JCT20144	46700	647	4	1	0	0	1
JCT20145	46700	647	6	1	0	0	1
JCT20146	46700	648	3	1	0	0	1
JCT20147	46700	649	6	1	0	0	1
JCT20148	46700	650	4	1	0	0	1
JCT20149	46700	651	2	1	0	0	1
JCT20150	46700	651	3	1	0	0	1
JCT20151	46700	651	4	1	0	0	1
JCT20152	46700	651	6	1	0	0	1
JCT20153	46700	652	3	1	0	0	1
JCT20154	46700	653	6	1	0	0	1
JCT20155	46700	654	4	1	0	0	1
JCT20156	46700	655	2	1	0	0	1
JCT20157	46700	655	3	1	0	0	1
JCT20158	46700	655	4	1	0	0	1
JCT20159	46700	655	6	1	0	0	1
JCT20160	46700	656	3	1	0	0	1
JCT20161	46700	657	6	1	0	0	1
JCT20162	46700	658	4	1	0	0	1
JCT20163	46700	659	2	1	0	0	1
JCT20164	46700	659	3	1	0	0	1
JCT20165	46700	659	4	1	0	0	1
JCT20166	46700	659	6	1	0	0	1
JCT20167	46700	660	1	1	0	0	1
JCT20167	46701	660	1	1	0	0	1
JCT20168	46700	660	2	1	0	0	1
JCT20168	46701	660	2	1	0	0	1
JCT20169	46700	661	4	1	0	0	1
JCT20169	46701	661	4	1	0	0	1
JCT20170	46700	662	6	1	0	0	1
JCT20170	46701	662	6	1	0	0	1
JCT20171	46700	664	1	1	0	0	1
JCT20171	46702	664	1	1	0	0	1
JCT20172	46700	664	2	1	0	0	1
JCT20172	46702	664	2	1	0	0	1
JCT20173	46700	665	4	1	0	0	1
JCT20173	46702	665	4	1	0	0	1
JCT20174	46700	666	6	1	0	0	1
JCT20174	46702	666	6	1	0	0	1
JCT20175	46700	668	0	1	0	0	1
JCT20176	46700	669	2	1	0	0	1
JCT20176	46701	669	2	1	0	0	1
JCT20177	46700	670	5	1	0	0	1
JCT20177	46702	670	5	1	0	0	1
JCT20178	46700	673	4	1	0	0	1
JCT20178	46701	673	4	1	0	0	1
JCT20178	46702	673	4	1	0	0	1
JCT20179	46700	673	5	1	0	0	1
JCT20180	46700	675	4	1	0	0	1
JCT20181	46700	675	6	1	0	0	1
JCT21000	46700	677	7	1	0	0	1
JCT21001	46700	679	1	1	0	0	1
JCT21002	46700	679	6	1	0	0	1
JCT21003	46700	681	2	1	0	0	1
JCT21004	46700	682	5	1	0	0	1
JCT21005	46700	684	0	1	0	0	1
JCT21006	46700	685	0	1	0	0	1
JCT21007	46700	686	0	1	0	0	1
JCT21008	46700	687	0	1	0	0	1
JCT21009	46700	690	0	1	0	0	1
JCT21010	46700	691	0	1	0	0	1
JCT21011	46700	693	0	1	0	0	1
JCT21012	46700	695	0	1	0	0	1
JCT21013	46700	696	0	1	0	0	1
JCT21014	46700	696	1	1	0	0	1
JCT21015	46700	697	2	1	0	0	1
JCT21015	46703	697	2	1	0	0	1
JCT21015	46704	697	2	1	0	0	1
JCT21016	46700	699	6	1	0	0	1
JCT21016	46703	699	6	1	0	0	1
JCT21016	46704	699	6	1	0	0	1
JCT21017	46700	700	0	1	0	0	1
JCT21018	46700	700	1	1	0	0	1
JCT21019	46700	701	2	1	0	0	1
JCT21019	46703	701	2	1	0	0	1
JCT21019	46704	701	2	1	0	0	1
JCT21020	46700	703	6	1	0	0	1
JCT21020	46703	703	6	1	0	0	1
JCT21020	46704	703	6	1	0	0	1
JCT21021	46700	704	0	1	0	0	1
JCT21022	46700	704	1	1	0	0	1
JCT21023	46700	705	2	1	0	0	1
JCT21023	46703	705	2	1	0	0	1
JCT21023	46704	705	2	1	0	0	1
JCT21024	46700	707	6	1	0	0	1
JCT21024	46703	707	6	1	0	0	1
JCT21024	46704	707	6	1	0	0	1
JCT21025	46700	708	0	1	0	0	1
JCT21026	46700	708	1	1	0	0	1
JCT21027	46700	709	2	1	0	0	1
JCT21027	46703	709	2	1	0	0	1
JCT21027	46704	709	2	1	0	0	1
JCT21028	46700	711	6	1	0	0	1
JCT21028	46703	711	6	1	0	0	1
JCT21028	46704	711	6	1	0	0	1
JCT21029	46700	712	0	1	0	0	1
JCT21030	46700	713	4	1	0	0	1
JCT21031	46700	716	0	1	0	0	1
JCT21032	46700	717	4	1	0	0	1
JCT21033	46700	720	0	1	0	0	1
JCT21034	46700	721	4	1	0	0	1
JCT21035	46700	724	0	1	0	0	1
JCT21036	46700	725	4	1	0	0	1
JCT21037	46700	728	2	1	0	0	1
JCT21038	46700	729	7	1	0	0	1
JCT21039	46700	731	1	1	0	0	1
JCT21040	46700	731	7	1	0	0	1
JCT21041	46700	733	7	1	0	0	1
JCT21042	46700	734	0	1	0	0	1
JCT21042	46703	734	0	1	0	0	1
JCT21043	46700	735	0	1	0	0	1
JCT21043	46704	735	0	1	0	0	1
JCT21044	46700	739	2	1	0	0	1
JCT21045	46700	739	3	1	0	0	1
JCT21046	46700	739	4	1	0	0	1
JCT21047	46700	739	6	1	0	0	1
JCT21048	46700	740	3	1	0	0	1
JCT21049	46700	741	6	1	0	0	1
JCT21050	46700	742	4	1	0	0	1
JCT21051	46700	743	2	1	0	0	1
JCT21052	46700	743	3	1	0	0	1
JCT21053	46700	743	4	1	0	0	1
JCT21054	46700	743	6	1	0	0	1
JCT21055	46700	744	3	1	0	0	1
JCT21056	46700	745	6	1	0	0	1
JCT21057	46700	746	4	1	0	0	1
JCT21058	46700	747	2	1	0	0	1
JCT21059	46700	747	3	1	0	0	1
JCT21060	46700	747	4	1	0	0	1
JCT21061	46700	747	6	1	0	0	1
JCT21062	46700	748	3	1	0	0	1
JCT21063	46700	749	6	1	0	0	1
JCT21064	46700	750	4	1	0	0	1
JCT21065	46700	751	2	1	0	0	1
JCT21066	46700	751	3	1	0	0	1
JCT21067	46700	751	4	1	0	0	1
JCT21068	46700	751	6	1	0	0	1
JCT21069	46700	752	3	1	0	0	1
JCT21070	46700	753	6	1	0	0	1
JCT21071	46700	754	4	1	0	0	1
JCT21072	46700	755	2	1	0	0	1
JCT21073	46700	755	3	1	0	0	1
JCT21074	46700	755	4	1	0	0	1
JCT21075	46700	755	6	1	0	0	1
JCT21076	46700	756	3	1	0	0	1
JCT21077	46700	757	6	1	0	0	1
JCT21078	46700	758	4	1	0	0	1
JCT21079	46700	759	2	1	0	0	1
JCT21080	46700	759	3	1	0	0	1
JCT21081	46700	759	4	1	0	0	1
JCT21082	46700	759	6	1	0	0	1
JCT21083	46700	760	3	1	0	0	1
JCT21084	46700	761	6	1	0	0	1
JCT21085	46700	762	4	1	0	0	1
JCT21086	46700	763	2	1	0	0	1
JCT21087	46700	763	3	1	0	0	1
JCT21088	46700	763	4	1	0	0	1
JCT21089	46700	763	6	1	0	0	1
JCT21090	46700	764	3	1	0	0	1
JCT21091	46700	765	6	1	0	0	1
JCT21092	46700	766	4	1	0	0	1
JCT21093	46700	767	2	1	0	0	1
JCT21094	46700	767	3	1	0	0	1
JCT21095	46700	767	4	1	0	0	1
JCT21096	46700	767	6	1	0	0	1
JCT21097	46700	768	3	1	0	0	1
JCT21098	46700	769	6	1	0	0	1
JCT21099	46700	770	4	1	0	0	1
JCT21100	46700	771	2	1	0	0	1
JCT21101	46700	771	3	1	0	0	1
JCT21102	46700	771	4	1	0	0	1
JCT21103	46700	771	6	1	0	0	1
JCT21104	46700	772	3	1	0	0	1
JCT21105	46700	773	6	1	0	0	1
JCT21106	46700	774	4	1	0	0	1
JCT21107	46700	775	2	1	0	0	1
JCT21108	46700	775	3	1	0	0	1
JCT21109	46700	775	4	1	0	0	1
JCT21110	46700	775	6	1	0	0	1
JCT21111	46700	776	3	1	0	0	1
JCT21112	46700	777	6	1	0	0	1
JCT21113	46700	778	4	1	0	0	1
JCT21114	46700	779	2	1	0	0	1
JCT21115	46700	779	3	1	0	0	1
JCT21116	46700	779	4	1	0	0	1
JCT21117	46700	779	6	1	0	0	1
JCT21118	46700	780	3	1	0	0	1
JCT21119	46700	781	6	1	0	0	1
JCT21120	46700	782	4	1	0	0	1
JCT21121	46700	783	2	1	0	0	1
JCT21122	46700	783	3	1	0	0	1
JCT21123	46700	783	4	1	0	0	1
JCT21124	46700	783	6	1	0	0	1
JCT21125	46700	784	3	1	0	0	1
JCT21126	46700	785	6	1	0	0	1
JCT21127	46700	786	4	1	0	0	1
JCT21128	46700	787	2	1	0	0	1
JCT21129	46700	787	3	1	0	0	1
JCT21130	46700	787	4	1	0	0	1
JCT21131	46700	787	6	1	0	0	1
JCT21132	46700	788	3	1	0	0	1
JCT21133	46700	789	6	1	0	0	1
JCT21134	46700	790	4	1	0	0	1
JCT21135	46700	791	2	1	0	0	1
JCT21136	46700	791	3	1	0	0	1
JCT21137	46700	791	4	1	0	0	1
JCT21138	46700	791	6	1	0	0	1
JCT21139	46700	792	3	1	0	0	1
JCT21140	46700	793	6	1	0	0	1
JCT21141	46700	794	4	1	0	0	1
JCT21142	46700	795	2	1	0	0	1
JCT21143	46700	795	3	1	0	0	1
JCT21144	46700	795	4	1	0	0	1
JCT21145	46700	795	6	1	0	0	1
JCT21146	46700	796	3	1	0	0	1
JCT21147	46700	797	6	1	0	0	1
JCT21148	46700	798	4	1	0	0	1
JCT21149	46700	799	2	1	0	0	1
JCT21150	46700	799	3	1	0	0	1
JCT21151	46700	799	4	1	0	0	1
JCT21152	46700	799	6	1	0	0	1
JCT21153	46700	800	3	1	0	0	1
JCT21154	46700	801	6	1	0	0	1
JCT21155	46700	802	4	1	0	0	1
JCT21156	46700	803	2	1	0	0	1
JCT21157	46700	803	3	1	0	0	1
JCT21158	46700	803	4	1	0	0	1
JCT21159	46700	803	6	1	0	0	1
JCT21160	46700	804	3	1	0	0	1
JCT21161	46700	805	6	1	0	0	1
JCT21162	46700	806	4	1	0	0	1
JCT21163	46700	807	2	1	0	0	1
JCT21164	46700	807	3	1	0	0	1
JCT21165	46700	807	4	1	0	0	1
JCT21166	46700	807	6	1	0	0	1
JCT21167	46700	808	1	1	0	0	1
JCT21167	46703	808	1	1	0	0	1
JCT21168	46700	808	2	1	0	0	1
JCT21168	46703	808	2	1	0	0	1
JCT21169	46700	809	4	1	0	0	1
JCT21169	46703	809	4	1	0	0	1
JCT21170	46700	810	6	1	0	0	1
JCT21170	46703	810	6	1	0	0	1
JCT21171	46700	812	1	1	0	0	1
JCT21171	46704	812	1	1	0	0	1
JCT21172	46700	812	2	1	0	0	1
JCT21172	46704	812	2	1	0	0	1
JCT21173	46700	813	4	1	0	0	1
JCT21173	46704	813	4	1	0	0	1
JCT21174	46700	814	6	1	0	0	1
JCT21174	46704	814	6	1	0	0	1
JCT21175	46700	816	0	1	0	0	1
JCT21176	46700	817	2	1	0	0	1
JCT21176	46703	817	2	1	0	0	1
JCT21177	46700	818	5	1	0	0	1
JCT21177	46704	818	5	1	0	0	1
JCT21178	46700	821	4	1	0	0	1
JCT21178	46703	821	4	1	0	0	1
JCT21178	46704	821	4	1	0	0	1
JCT21179	46700	821	5	1	0	0	1
JCT21180	46700	823	4	1	0	0	1
JCT21181	46700	823	6	1	0	0	1
JCT22000	46700	825	7	1	0	0	1
JCT22001	46700	827	1	1	0	0	1
JCT22002	46700	827	6	1	0	0	1
JCT22003	46700	829	2	1	0	0	1
JCT22004	46700	830	5	1	0	0	1
JCT22005	46700	832	0	1	0	0	1
JCT22006	46700	833	0	1	0	0	1
JCT22007	46700	834	0	1	0	0	1
JCT22008	46700	835	0	1	0	0	1
JCT22009	46700	838	0	1	0	0	1
JCT22010	46700	839	0	1	0	0	1
JCT22011	46700	841	0	1	0	0	1
JCT22012	46700	843	0	1	0	0	1
JCT22013	46700	844	0	1	0	0	1
JCT22014	46700	844	1	1	0	0	1
JCT22015	46700	845	2	1	0	0	1
JCT22015	46705	845	2	1	0	0	1
JCT22015	46706	845	2	1	0	0	1
JCT22016	46700	847	6	1	0	0	1
JCT22016	46705	847	6	1	0	0	1
JCT22016	46706	847	6	1	0	0	1
JCT22017	46700	848	0	1	0	0	1
JCT22018	46700	848	1	1	0	0	1
JCT22019	46700	849	2	1	0	0	1
JCT22019	46705	849	2	1	0	0	1
JCT22019	46706	849	2	1	0	0	1
JCT22020	46700	851	6	1	0	0	1
JCT22020	46705	851	6	1	0	0	1
JCT22020	46706	851	6	1	0	0	1
JCT22021	46700	852	0	1	0	0	1
JCT22022	46700	852	1	1	0	0	1
JCT22023	46700	853	2	1	0	0	1
JCT22023	46705	853	2	1	0	0	1
JCT22023	46706	853	2	1	0	0	1
JCT22024	46700	855	6	1	0	0	1
JCT22024	46705	855	6	1	0	0	1
JCT22024	46706	855	6	1	0	0	1
JCT22025	46700	856	0	1	0	0	1
JCT22026	46700	856	1	1	0	0	1
JCT22027	46700	857	2	1	0	0	1
JCT22027	46705	857	2	1	0	0	1
JCT22027	46706	857	2	1	0	0	1
JCT22028	46700	859	6	1	0	0	1
JCT22028	46705	859	6	1	0	0	1
JCT22028	46706	859	6	1	0	0	1
JCT22029	46700	860	0	1	0	0	1
JCT22030	46700	861	4	1	0	0	1
JCT22031	46700	864	0	1	0	0	1
JCT22032	46700	865	4	1	0	0	1
JCT22033	46700	868	0	1	0	0	1
JCT22034	46700	869	4	1	0	0	1
JCT22035	46700	872	0	1	0	0	1
JCT22036	46700	873	4	1	0	0	1
JCT22037	46700	876	2	1	0	0	1
JCT22038	46700	877	7	1	0	0	1
JCT22039	46700	879	1	1	0	0	1
JCT22040	46700	879	7	1	0	0	1
JCT22041	46700	881	7	1	0	0	1
JCT22042	46700	882	0	1	0	0	1
JCT22042	46705	882	0	1	0	0	1
JCT22043	46700	883	0	1	0	0	1
JCT22043	46706	883	0	1	0	0	1
JCT22044	46700	887	2	1	0	0	1
JCT22045	46700	887	3	1	0	0	1
JCT22046	46700	887	4	1	0	0	1
JCT22047	46700	887	6	1	0	0	1
JCT22048	46700	888	3	1	0	0	1
JCT22049	46700	889	6	1	0	0	1
JCT22050	46700	890	4	1	0	0	1
JCT22051	46700	891	2	1	0	0	1
JCT22052	46700	891	3	1	0	0	1
JCT22053	46700	891	4	1	0	0	1
JCT22054	46700	891	6	1	0	0	1
JCT22055	46700	892	3	1	0	0	1
JCT22056	46700	893	6	1	0	0	1
JCT22057	46700	894	4	1	0	0	1
JCT22058	46700	895	2	1	0	0	1
JCT22059	46700	895	3	1	0	0	1
JCT22060	46700	895	4	1	0	0	1
JCT22061	46700	895	6	1	0	0	1
JCT22062	46700	896	3	1	0	0	1
JCT22063	46700	897	6	1	0	0	1
JCT22064	46700	898	4	1	0	0	1
JCT22065	46700	899	2	1	0	0	1
JCT22066	46700	899	3	1	0	0	1
JCT22067	46700	899	4	1	0	0	1
JCT22068	46700	899	6	1	0	0	1
JCT22069	46700	900	3	1	0	0	1
JCT22070	46700	901	6	1	0	0	1
JCT22071	46700	902	4	1	0	0	1
JCT22072	46700	903	2	1	0	0	1
JCT22073	46700	903	3	1	0	0	1
JCT22074	46700	903	4	1	0	0	1
JCT22075	46700	903	6	1	0	0	1
JCT22076	46700	904	3	1	0	0	1
JCT22077	46700	905	6	1	0	0	1
JCT22078	46700	906	4	1	0	0	1
JCT22079	46700	907	2	1	0	0	1
JCT22080	46700	907	3	1	0	0	1
JCT22081	46700	907	4	1	0	0	1
JCT22082	46700	907	6	1	0	0	1
JCT22083	46700	908	3	1	0	0	1
JCT22084	46700	909	6	1	0	0	1
JCT22085	46700	910	4	1	0	0	1
JCT22086	46700	911	2	1	0	0	1
JCT22087	46700	911	3	1	0	0	1
JCT22088	46700	911	4	1	0	0	1
JCT22089	46700	911	6	1	0	0	1
JCT22090	46700	912	3	1	0	0	1
JCT22091	46700	913	6	1	0	0	1
JCT22092	46700	914	4	1	0	0	1
JCT22093	46700	915	2	1	0	0	1
JCT22094	46700	915	3	1	0	0	1
JCT22095	46700	915	4	1	0	0	1
JCT22096	46700	915	6	1	0	0	1
JCT22097	46700	916	3	1	0	0	1
JCT22098	46700	917	6	1	0	0	1
JCT22099	46700	918	4	1	0	0	1
JCT22100	46700	919	2	1	0	0	1
JCT22101	46700	919	3	1	0	0	1
JCT22102	46700	919	4	1	0	0	1
JCT22103	46700	919	6	1	0	0	1
JCT22104	46700	920	3	1	0	0	1
JCT22105	46700	921	6	1	0	0	1
JCT22106	46700	922	4	1	0	0	1
JCT22107	46700	923	2	1	0	0	1
JCT22108	46700	923	3	1	0	0	1
JCT22109	46700	923	4	1	0	0	1
JCT22110	46700	923	6	1	0	0	1
JCT22111	46700	924	3	1	0	0	1
JCT22112	46700	925	6	1	0	0	1
JCT22113	46700	926	4	1	0	0	1
JCT22114	46700	927	2	1	0	0	1
JCT22115	46700	927	3	1	0	0	1
JCT22116	46700	927	4	1	0	0	1
JCT22117	46700	927	6	1	0	0	1
JCT22118	46700	928	3	1	0	0	1
JCT22119	46700	929	6	1	0	0	1
JCT22120	46700	930	4	1	0	0	1
JCT22121	46700	931	2	1	0	0	1
JCT22122	46700	931	3	1	0	0	1
JCT22123	46700	931	4	1	0	0	1
JCT22124	46700	931	6	1	0	0	1
JCT22125	46700	932	3	1	0	0	1
JCT22126	46700	933	6	1	0	0	1
JCT22127	46700	934	4	1	0	0	1
JCT22128	46700	935	2	1	0	0	1
JCT22129	46700	935	3	1	0	0	1
JCT22130	46700	935	4	1	0	0	1
JCT22131	46700	935	6	1	0	0	1
JCT22132	46700	936	3	1	0	0	1
JCT22133	46700	937	6	1	0	0	1
JCT22134	46700	938	4	1	0	0	1
JCT22135	46700	939	2	1	0	0	1
JCT22136	46700	939	3	1	0	0	1
JCT22137	46700	939	4	1	0	0	1
JCT22138	46700	939	6	1	0	0	1
JCT22139	46700	940	3	1	0	0	1
JCT22140	46700	941	6	1	0	0	1
JCT22141	46700	942	4	1	0	0	1
JCT22142	46700	943	2	1	0	0	1
JCT22143	46700	943	3	1	0	0	1
JCT22144	46700	943	4	1	0	0	1
JCT22145	46700	943	6	1	0	0	1
JCT22146	46700	944	3	1	0	0	1
JCT22147	46700	945	6	1	0	0	1
JCT22148	46700	946	4	1	0	0	1
JCT22149	46700	947	2	1	0	0	1
JCT22150	46700	947	3	1	0	0	1
JCT22151	46700	947	4	1	0	0	1
JCT22152	46700	947	6	1	0	0	1
JCT22153	46700	948	3	1	0	0	1
JCT22154	46700	949	6	1	0	0	1
JCT22155	46700	950	4	1	0	0	1
JCT22156	46700	951	2	1	0	0	1
JCT22157	46700	951	3	1	0	0	1
JCT22158	46700	951	4	1	0	0	1
JCT22159	46700	951	6	1	0	0	1
JCT22160	46700	952	3	1	0	0	1
JCT22161	46700	953	6	1	0	0	1
JCT22162	46700	954	4	1	0	0	1
JCT22163	46700	955	2	1	0	0	1
JCT22164	46700	955	3	1	0	0	1
JCT22165	46700	955	4	1	0	0	1
JCT22166	46700	955	6	1	0	0	1
JCT22167	46700	956	1	1	0	0	1
JCT22167	46705	956	1	1	0	0	1
JCT22168	46700	956	2	1	0	0	1
JCT22168	46705	956	2	1	0	0	1
JCT22169	46700	957	4	1	0	0	1
JCT22169	46705	957	4	1	0	0	1
JCT22170	46700	958	6	1	0	0	1
JCT22170	46705	958	6	1	0	0	1
JCT22171	46700	960	1	1	0	0	1
JCT22171	46706	960	1	1	0	0	1
JCT22172	46700	960	2	1	0	0	1
JCT22172	46706	960	2	1	0	0	1
JCT22173	46700	961	4	1	0	0	1
JCT22173	46706	961	4	1	0	0	1
JCT22174	46700	962	6	1	0	0	1
JCT22174	46706	962	6	1	0	0	1
JCT22175	46700	964	0	1	0	0	1
JCT22176	46700	965	2	1	0	0	1
JCT22176	46705	965	2	1	0	0	1
JCT22177	46700	966	5	1	0	0	1
JCT22177	46706	966	5	1	0	0	1
JCT22178	46700	969	4	1	0	0	1
JCT22178	46705	969	4	1	0	0	1
JCT22178	46706	969	4	1	0	0	1
JCT22179	46700	969	5	1	0	0	1
JCT22180	46700	971	4	1	0	0	1
JCT22181	46700	971	6	1	0	0	1
JCT23000	46700	973	7	1	0	0	1
JCT23001	46700	975	1	1	0	0	1
JCT23002	46700	975	6	1	0	0	1
JCT23003	46700	977	2	1	0	0	1
JCT23004	46700	978	5	1	0	0	1
JCT23005	46700	980	0	1	0	0	1
JCT23006	46700	981	0	1	0	0	1
JCT23007	46700	982	0	1	0	0	1
JCT23008	46700	983	0	1	0	0	1
JCT23009	46700	986	0	1	0	0	1
JCT23010	46700	987	0	1	0	0	1
JCT23011	46700	989	0	1	0	0	1
JCT23012	46700	991	0	1	0	0	1
JCT23013	46700	992	0	1	0	0	1
JCT23014	46700	992	1	1	0	0	1
JCT23015	46700	993	2	1	0	0	1
JCT23015	46707	993	2	1	0	0	1
JCT23015	46708	993	2	1	0	0	1
JCT23016	46700	995	6	1	0	0	1
JCT23016	46707	995	6	1	0	0	1
JCT23016	46708	995	6	1	0	0	1
JCT23017	46700	996	0	1	0	0	1
JCT23018	46700	996	1	1	0	0	1
JCT23019	46700	997	2	1	0	0	1
JCT23019	46707	997	2	1	0	0	1
JCT23019	46708	997	2	1	0	0	1
JCT23020	46700	999	6	1	0	0	1
JCT23020	46707	999	6	1	0	0	1
JCT23020	46708	999	6	1	0	0	1
JCT23021	46700	1000	0	1	0	0	1
JCT23022	46700	1000	1	1	0	0	1
JCT23023	46700	1001	2	1	0	0	1
JCT23023	46707	1001	2	1	0	0	1
JCT23023	46708	1001	2	1	0	0	1
JCT23024	46700	1003	6	1	0	0	1
JCT23024	46707	1003	6	1	0	0	1
JCT23024	46708	1003	6	1	0	0	1
JCT23025	46700	1004	0	1	0	0	1
JCT23026	46700	1004	1	1	0	0	1
JCT23027	46700	1005	2	1	0	0	1
JCT23027	46707	1005	2	1	0	0	1
JCT23027	46708	1005	2	1	0	0	1
JCT23028	46700	1007	6	1	0	0	1
JCT23028	46707	1007	6	1	0	0	1
JCT23028	46708	1007	6	1	0	0	1
JCT23029	46700	1008	0	1	0	0	1
JCT23030	46700	1009	4	1	0	0	1
JCT23031	46700	1012	0	1	0	0	1
JCT23032	46700	1013	4	1	0	0	1
JCT23033	46700	1016	0	1	0	0	1
JCT23034	46700	1017	4	1	0	0	1
JCT23035	46700	1020	0	1	0	0	1
JCT23036	46700	1021	4	1	0	0	1
JCT23037	46700	1024	2	1	0	0	1
JCT23038	46700	1025	7	1	0	0	1
JCT23039	46700	1027	1	1	0	0	1
JCT23040	46700	1027	7	1	0	0	1
JCT23041	46700	1029	7	1	0	0	1
JCT23042	46700	1030	0	1	0	0	1
JCT23042	46707	1030	0	1	0	0	1
JCT23043	46700	1031	0	1	0	0	1
JCT23043	46708	1031	0	1	0	0	1
JCT23044	46700	1035	2	1	0	0	1
JCT23045	46700	1035	3	1	0	0	1
JCT23046	46700	1035	4	1	0	0	1
JCT23047	46700	1035	6	1	0	0	1
JCT23048	46700	1036	3	1	0	0	1
JCT23049	46700	1037	6	1	0	0	1
JCT23050	46700	1038	4	1	0	0	1
JCT23051	46700	1039	2	1	0	0	1
JCT23052	46700	1039	3	1	0	0	1
JCT23053	46700	1039	4	1	0	0	1
JCT23054	46700	1039	6	1	0	0	1
JCT23055	46700	1040	3	1	0	0	1
JCT23056	46700	1041	6	1	0	0	1
JCT23057	46700	1042	4	1	0	0	1
JCT23058	46700	1043	2	1	0	0	1
JCT23059	46700	1043	3	1	0	0	1
JCT23060	46700	1043	4	1	0	0	1
JCT23061	46700	1043	6	1	0	0	1
JCT23062	46700	1044	3	1	0	0	1
JCT23063	46700	1045	6	1	0	0	1
JCT23064	46700	1046	4	1	0	0	1
JCT23065	46700	1047	2	1	0	0	1
JCT23066	46700	1047	3	1	0	0	1
JCT23067	46700	1047	4	1	0	0	1
JCT23068	46700	1047	6	1	0	0	1
JCT23069	46700	1048	3	1	0	0	1
JCT23070	46700	1049	6	1	0	0	1
JCT23071	46700	1050	4	1	0	0	1
JCT23072	46700	1051	2	1	0	0	1
JCT23073	46700	1051	3	1	0	0	1
JCT23074	46700	1051	4	1	0	0	1
JCT23075	46700	1051	6	1	0	0	1
JCT23076	46700	1052	3	1	0	0	1
JCT23077	46700	1053	6	1	0	0	1
JCT23078	46700	1054	4	1	0	0	1
JCT23079	46700	1055	2	1	0	0	1
JCT23080	46700	1055	3	1	0	0	1
JCT23081	46700	1055	4	1	0	0	1
JCT23082	46700	1055	6	1	0	0	1
JCT23083	46700	1056	3	1	0	0	1
JCT23084	46700	1057	6	1	0	0	1
JCT23085	46700	1058	4	1	0	0	1
JCT23086	46700	1059	2	1	0	0	1
JCT23087	46700	1059	3	1	0	0	1
JCT23088	46700	1059	4	1	0	0	1
JCT23089	46700	1059	6	1	0	0	1
JCT23090	46700	1060	3	1	0	0	1
JCT23091	46700	1061	6	1	0	0	1
JCT23092	46700	1062	4	1	0	0	1
JCT23093	46700	1063	2	1	0	0	1
JCT23094	46700	1063	3	1	0	0	1
JCT23095	46700	1063	4	1	0	0	1
JCT23096	46700	1063	6	1	0	0	1
JCT23097	46700	1064	3	1	0	0	1
JCT23098	46700	1065	6	1	0	0	1
JCT23099	46700	1066	4	1	0	0	1
JCT23100	46700	1067	2	1	0	0	1
JCT23101	46700	1067	3	1	0	0	1
JCT23102	46700	1067	4	1	0	0	1
JCT23103	46700	1067	6	1	0	0	1
JCT23104	46700	1068	3	1	0	0	1
JCT23105	46700	1069	6	1	0	0	1
JCT23106	46700	1070	4	1	0	0	1
JCT23107	46700	1071	2	1	0	0	1
JCT23108	46700	1071	3	1	0	0	1
JCT23109	46700	1071	4	1	0	0	1
JCT23110	46700	1071	6	1	0	0	1
JCT23111	46700	1072	3	1	0	0	1
JCT23112	46700	1073	6	1	0	0	1
JCT23113	46700	1074	4	1	0	0	1
JCT23114	46700	1075	2	1	0	0	1
JCT23115	46700	1075	3	1	0	0	1
JCT23116	46700	1075	4	1	0	0	1
JCT23117	46700	1075	6	1	0	0	1
JCT23118	46700	1076	3	1	0	0	1
JCT23119	46700	1077	6	1	0	0	1
JCT23120	46700	1078	4	1	0	0	1
JCT23121	46700	1079	2	1	0	0	1
JCT23122	46700	1079	3	1	0	0	1
JCT23123	46700	1079	4	1	0	0	1
JCT23124	46700	1079	6	1	0	0	1
JCT23125	46700	1080	3	1	0	0	1
JCT23126	46700	1081	6	1	0	0	1
JCT23127	46700	1082	4	1	0	0	1
JCT23128	46700	1083	2	1	0	0	1
JCT23129	46700	1083	3	1	0	0	1
JCT23130	46700	1083	4	1	0	0	1
JCT23131	46700	1083	6	1	0	0	1
JCT23132	46700	1084	3	1	0	0	1
JCT23133	46700	1085	6	1	0	0	1
JCT23134	46700	1086	4	1	0	0	1
JCT23135	46700	1087	2	1	0	0	1
JCT23136	46700	1087	3	1	0	0	1
JCT23137	46700	1087	4	1	0	0	1
JCT23138	46700	1087	6	1	0	0	1
JCT23139	46700	1088	3	1	0	0	1
JCT23140	46700	1089	6	1	0	0	1
JCT23141	46700	1090	4	1	0	0	1
JCT23142	46700	1091	2	1	0	0	1
JCT23143	46700	1091	3	1	0	0	1
JCT23144	46700	1091	4	1	0	0	1
JCT23145	46700	1091	6	1	0	0	1
JCT23146	46700	1092	3	1	0	0	1
JCT23147	46700	1093	6	1	0	0	1
JCT23148	46700	1094	4	1	0	0	1
JCT23149	46700	1095	2	1	0	0	1
JCT23150	46700	1095	3	1	0	0	1
JCT23151	46700	1095	4	1	0	0	1
JCT23152	46700	1095	6	1	0	0	1
JCT23153	46700	1096	3	1	0	0	1
JCT23154	46700	1097	6	1	0	0	1
JCT23155	46700	1098	4	1	0	0	1
JCT23156	46700	1099	2	1	0	0	1
JCT23157	46700	1099	3	1	0	0	1
JCT23158	46700	1099	4	1	0	0	1
JCT23159	46700	1099	6	1	0	0	1
JCT23160	46700	1100	3	1	0	0	1
JCT23161	46700	1101	6	1	0	0	1
JCT23162	46700	1102	4	1	0	0	1
JCT23163	46700	1103	2	1	0	0	1
JCT23164	46700	1103	3	1	0	0	1
JCT23165	46700	1103	4	1	0	0	1
JCT23166	46700	1103	6	1	0	0	1
JCT23167	46700	1104	1	1	0	0	1
JCT23167	46707	1104	1	1	0	0	1
JCT23168	46700	1104	2	1	0	0	1
JCT23168	46707	1104	2	1	0	0	1
JCT23169	46700	1105	4	1	0	0	1
JCT23169	46707	1105	4	1	0	0	1
JCT23170	46700	1106	6	1	0	0	1
JCT23170	46707	1106	6	1	0	0	1
JCT23171	46700	1108	1	1	0	0	1
JCT23171	46708	1108	1	1	0	0	1
JCT23172	46700	1108	2	1	0	0	1
JCT23172	46708	1108	2	1	0	0	1
JCT23173	46700	1109	4	1	0	0	1
JCT23173	46708	1109	4	1	0	0	1
JCT23174	46700	1110	6	1	0	0	1
JCT23174	46708	1110	6	1	0	0	1
JCT23175	46700	1112	0	1	0	0	1
JCT23176	46700	1113	2	1	0	0	1
JCT23176	46707	1113	2	1	0	0	1
JCT23177	46700	1114	5	1	0	0	1
JCT23177	46708	1114	5	1	0	0	1
JCT23178	46700	1117	4	1	0	0	1
JCT23178	46707	1117	4	1	0	0	1
JCT23178	46708	1117	4	1	0	0	1
JCT23179	46700	1117	5	1	0	0	1
JCT23180	46700	1119	4	1	0	0	1
JCT23181	46700	1119	6	1	0	0	1
JCT30000	46030	18	0	1	0	0	1
JCT30000	46700	1120	0	1	0	0	1
JCT30001	46030	18	1	1	0	0	1
JCT30001	46700	1120	1	1	0	0	1
JCT30002	46030	18	2	1	0	0	1
JCT30002	46700	1120	2	1	0	0	1
JCT30003	46030	18	3	1	0	0	1
JCT30003	46700	1120	3	1	0	0	1
JCT30004	46030	18	4	1	0	0	1
JCT30004	46700	1120	4	1	0	0	1
JCT30005	46030	18	6	1	0	0	1
JCT30005	46700	1120	6	1	0	0	1
JCT30006	46030	18	7	1	0	0	1
JCT30006	46700	1120	7	1	0	0	1
JCT30007	46030	19	0	1	0	0	1
JCT30007	46700	1121	0	1	0	0	1
JCT30008	46030	19	1	1	0	0	1
JCT30008	46700	1121	1	1	0	0	1
JCT30009	46030	19	2	1	0	0	1
JCT30009	46700	1121	2	1	0	0	1
JCT30010	46030	19	3	1	0	0	1
JCT30010	46700	1121	3	1	0	0	1
JCT30011	46030	20	0	1	0	0	1
JCT30011	46700	1122	0	1	0	0	1
JCT30012	46030	24	0	1	0	0	1
JCT30012	46700	1126	0	1	0	0	1
JCT30012	46701	1126	0	1	0	0	1
JCT30012	46702	1126	0	1	0	0	1
JCT30012	46703	1126	0	1	0	0	1
JCT30012	46704	1126	0	1	0	0	1
JCT30012	46705	1126	0	1	0	0	1
JCT30012	46706	1126	0	1	0	0	1
JCT30012	46707	1126	0	1	0	0	1
JCT30012	46708	1126	0	1	0	0	1
JCT30013	46030	26	0	1	0	0	1
JCT30013	46700	1128	0	1	0	0	1
JCT30013	46701	1128	0	1	0	0	1
JCT30013	46702	1128	0	1	0	0	1
JCT30013	46703	1128	0	1	0	0	1
JCT30013	46704	1128	0	1	0	0	1
JCT30013	46705	1128	0	1	0	0	1
JCT30013	46706	1128	0	1	0	0	1
JCT30013	46707	1128	0	1	0	0	1
JCT30013	46708	1128	0	1	0	0	1
JCT31000	46030	28	0	1	0	0	1
JCT31000	46700	1130	0	1	0	0	1
JCT31001	46030	28	2	1	0	0	1
JCT31001	46700	1130	2	1	0	0	1
JCT31002	46030	28	3	1	0	0	1
JCT31002	46700	1130	3	1	0	0	1
JCT31003	46030	29	3	1	0	0	1
JCT31003	46700	1131	3	1	0	0	1
JCT31004	46030	30	0	1	0	0	1
JCT31004	46700	1132	0	1	0	0	1
JCT31005	46030	30	1	1	0	0	1
JCT31005	46700	1132	1	1	0	0	1
JCT31006	46030	30	3	1	0	0	1
JCT31006	46700	1132	3	1	0	0	1
JCT31007	46030	32	0	1	0	0	1
JCT31007	46700	1134	0	1	0	0	1
JCT31008	46030	34	0	1	0	0	1
JCT31008	46700	1136	0	1	0	0	1
JCT31009	46030	35	0	1	0	0	1
JCT31009	46700	1137	0	1	0	0	1
JCT31010	46030	36	0	1	0	0	1
JCT31010	46700	1138	0	1	0	0	1
JCT31011	46030	37	0	1	0	0	1
JCT31011	46700	1139	0	1	0	0	1
JCT31012	46030	38	0	1	0	0	1
JCT31012	46700	1140	0	1	0	0	1
JCT31013	46030	38	2	1	0	0	1
JCT31013	46700	1140	2	1	0	0	1
JCT31014	46030	38	3	1	0	0	1
JCT31014	46700	1140	3	1	0	0	1
JCT31015	46030	39	3	1	0	0	1
JCT31015	46700	1141	3	1	0	0	1
JCT31016	46030	40	0	1	0	0	1
JCT31016	46700	1142	0	1	0	0	1
JCT31017	46030	40	1	1	0	0	1
JCT31017	46700	1142	1	1	0	0	1
JCT31018	46030	40	3	1	0	0	1
JCT31018	46700	1142	3	1	0	0	1
JCT31019	46030	42	0	1	0	0	1
JCT31019	46700	1144	0	1	0	0	1
JCT31020	46030	44	0	1	0	0	1
JCT31020	46700	1146	0	1	0	0	1
JCT31021	46030	45	0	1	0	0	1
JCT31021	46700	1147	0	1	0	0	1
JCT31022	46030	46	0	1	0	0	1
JCT31022	46700	1148	0	1	0	0	1
JCT31023	46030	47	0	1	0	0	1
JCT31023	46700	1149	0	1	0	0	1
JCT32000	46030	48	3	1	0	0	1
JCT32000	46700	1150	3	1	0	0	1
JCT32001	46030	50	3	1	0	0	1
JCT32001	46700	1152	3	1	0	0	1
JCT32002	46030	52	3	1	0	0	1
JCT32002	46700	1154	3	1	0	0	1
JCT32003	46030	54	3	1	0	0	1
JCT32003	46700	1156	3	1	0	0	1
JCT32004	46030	56	3	1	0	0	1
JCT32004	46700	1158	3	1	0	0	1
JCT32005	46030	58	3	1	0	0	1
JCT32005	46700	1160	3	1	0	0	1
JCT32006	46030	60	3	1	0	0	1
JCT32006	46700	1162	3	1	0	0	1
JCT32007	46030	62	3	1	0	0	1
JCT32007	46700	1164	3	1	0	0	1
JCT32008	46030	64	3	1	0	0	1
JCT32008	46700	1166	3	1	0	0	1
JCT32009	46030	66	3	1	0	0	1
JCT32009	46700	1168	3	1	0	0	1
JCT32010	46030	68	3	1	0	0	1
JCT32010	46700	1170	3	1	0	0	1
JCT32011	46030	70	3	1	0	0	1
JCT32011	46700	1172	3	1	0	0	1
JCT32012	46030	72	3	1	0	0	1
JCT32012	46700	1174	3	1	0	0	1
JCT32013	46030	74	3	1	0	0	1
JCT32013	46700	1176	3	1	0	0	1
JCT32014	46030	76	3	1	0	0	1
JCT32014	46700	1178	3	1	0	0	1
JCT32015	46030	78	3	1	0	0	1
JCT32015	46700	1180	3	1	0	0	1
JCT32016	46030	80	3	1	0	0	1
JCT32016	46700	1182	3	1	0	0	1
JCT32017	46030	82	3	1	0	0	1
JCT32017	46700	1184	3	1	0	0	1
JCT32018	46030	84	3	1	0	0	1
JCT32018	46700	1186	3	1	0	0	1
JCT32019	46030	86	3	1	0	0	1
JCT32019	46700	1188	3	1	0	0	1
JCT32020	46030	88	3	1	0	0	1
JCT32020	46700	1190	3	1	0	0	1
JCT32021	46030	90	3	1	0	0	1
JCT32021	46700	1192	3	1	0	0	1
JCT32022	46030	92	3	1	0	0	1
JCT32022	46700	1194	3	1	0	0	1
JCT32023	46030	94	3	1	0	0	1
JCT32023	46700	1196	3	1	0	0	1
JCT32024	46030	96	3	1	0	0	1
JCT32024	46700	1198	3	1	0	0	1
JCT32025	46030	98	3	1	0	0	1
JCT32025	46700	1200	3	1	0	0	1
JCT32026	46030	100	0	1	0	0	1
JCT32026	46700	1202	0	1	0	0	1
JCT32027	46030	102	0	1	0	0	1
JCT32027	46700	1204	0	1	0	0	1
JCT32028	46030	104	0	1	0	0	1
JCT32028	46700	1206	0	1	0	0	1
JCT32029	46030	106	0	1	0	0	1
JCT32029	46700	1208	0	1	0	0	1
JCT32030	46030	108	0	1	0	0	1
JCT32030	46700	1210	0	1	0	0	1
JCT32031	46030	110	0	1	0	0	1
JCT32031	46700	1212	0	1	0	0	1
JCT32032	46030	112	0	1	0	0	1
JCT32032	46700	1214	0	1	0	0	1
JCT32033	46030	114	0	1	0	0	1
JCT32033	46700	1216	0	1	0	0	1
JCT32034	46030	116	0	1	0	0	1
JCT32034	46700	1218	0	1	0	0	1
JCT32035	46030	118	0	1	0	0	1
JCT32035	46700	1220	0	1	0	0	1
JCT32036	46030	120	0	1	0	0	1
JCT32036	46700	1222	0	1	0	0	1
JCT32037	46030	122	0	1	0	0	1
JCT32037	46700	1224	0	1	0	0	1
JCT32038	46030	124	0	1	0	0	1
JCT32038	46700	1226	0	1	0	0	1
JCT32039	46030	126	0	1	0	0	1
JCT32039	46700	1228	0	1	0	0	1
JCT32040	46030	128	0	1	0	0	1
JCT32040	46700	1230	0	1	0	0	1
JCT32041	46030	130	0	1	0	0	1
JCT32041	46700	1232	0	1	0	0	1
JCT32042	46030	132	0	1	0	0	1
JCT32042	46700	1234	0	1	0	0	1
JCT32043	46030	134	0	1	0	0	1
JCT32043	46700	1236	0	1	0	0	1
JCT32044	46030	136	0	1	0	0	1
JCT32044	46700	1238	0	1	0	0	1
JCT32045	46030	138	0	1	0	0	1
JCT32045	46700	1240	0	1	0	0	1
JCT32046	46030	140	0	1	0	0	1
JCT32046	46700	1242	0	1	0	0	1
JCT32047	46030	142	0	1	0	0	1
JCT32047	46700	1244	0	1	0	0	1
JCT32048	46030	144	0	1	0	0	1
JCT32048	46700	1246	0	1	0	0	1
JCT32049	46030	146	0	1	0	0	1
JCT32049	46700	1248	0	1	0	0	1
JCT32050	46030	148	0	1	0	0	1
JCT32050	46700	1250	0	1	0	0	1
JCT33000	46030	150	0	1	0	0	1
JCT33000	46700	1252	0	1	0	0	1
JCT33001	46030	154	0	1	0	0	1
JCT33001	46700	1256	0	1	0	0	1
JCT33002	46030	158	0	1	0	0	1
JCT33002	46700	1260	0	1	0	0	1
JCT33003	46030	162	0	1	0	0	1
JCT33003	46700	1264	0	1	0	0	1
JCT33004	46030	166	0	1	0	0	1
JCT33004	46700	1268	0	1	0	0	1
JCT33005	46030	170	0	1	0	0	1
JCT33005	46700	1272	0	1	0	0	1
JCT33006	46030	174	0	1	0	0	1
JCT33006	46700	1276	0	1	0	0	1
JCT33007	46030	178	0	1	0	0	1
JCT33007	46700	1280	0	1	0	0	1
JCT33008	46030	182	0	1	0	0	1
JCT33008	46700	1284	0	1	0	0	1
JCT33009	46030	186	0	1	0	0	1
JCT33009	46700	1288	0	1	0	0	1
JCT33010	46030	190	0	1	0	0	1
JCT33010	46700	1292	0	1	0	0	1
JCT33011	46030	194	0	1	0	0	1
JCT33011	46700	1296	0	1	0	0	1
JCT33012	46030	198	0	1	0	0	1
JCT33012	46700	1300	0	1	0	0	1
JCT33013	46030	202	0	1	0	0	1
JCT33013	46700	1304	0	1	0	0	1
JCT33014	46030	206	0	1	0	0	1
JCT33014	46700	1308	0	1	0	0	1
JCT33015	46030	210	0	1	0	0	1
JCT33015	46700	1312	0	1	0	0	1
JCT33016	46030	214	0	1	0	0	1
JCT33016	46700	1316	0	1	0	0	1
JCT33017	46030	218	0	1	0	0	1
JCT33017	46700	1320	0	1	0	0	1
JCT33018	46030	222	0	1	0	0	1
JCT33018	46700	1324	0	1	0	0	1
JCT33019	46030	226	0	1	0	0	1
JCT33019	46700	1328	0	1	0	0	1
JCT33020	46030	230	0	1	0	0	1
JCT33020	46700	1332	0	1	0	0	1
JCT33021	46030	234	0	1	0	0	1
JCT33021	46700	1336	0	1	0	0	1
JCT33022	46030	238	0	1	0	0	1
JCT33022	46700	1340	0	1	0	0	1
JCT33023	46030	242	0	1	0	0	1
JCT33023	46700	1344	0	1	0	0	1
JCT33024	46030	246	0	1	0	0	1
JCT33024	46700	1348	0	1	0	0	1
JCT33025	46030	250	0	1	0	0	1
JCT33025	46700	1352	0	1	0	0	1
JCT33026	46030	254	0	1	0	0	1
JCT33026	46700	1356	0	1	0	0	1
JCT33027	46030	258	0	1	0	0	1
JCT33027	46700	1360	0	1	0	0	1
JCT33028	46030	262	0	1	0	0	1
JCT33028	46700	1364	0	1	0	0	1
JCT33029	46030	266	0	1	0	0	1
JCT33029	46700	1368	0	1	0	0	1
JCT33030	46030	270	0	1	0	0	1
JCT33030	46700	1372	0	1	0	0	1
JCT33031	46030	274	0	1	0	0	1
JCT33031	46700	1376	0	1	0	0	1
JCT33032	46030	278	0	1	0	0	1
JCT33032	46700	1380	0	1	0	0	1
JCT33033	46030	282	0	1	0	0	1
JCT33033	46700	1384	0	1	0	0	1
JCT33034	46030	286	0	1	0	0	1
JCT33034	46700	1388	0	1	0	0	1
JCT33035	46030	290	0	1	0	0	1
JCT33035	46700	1392	0	1	0	0	1
JCT33036	46030	294	0	1	0	0	1
JCT33036	46700	1396	0	1	0	0	1
JCT33037	46030	298	0	1	0	0	1
JCT33037	46700	1400	0	1	0	0	1
JCT33038	46030	302	0	1	0	0	1
JCT33038	46700	1404	0	1	0	0	1
JCT33039	46030	306	0	1	0	0	1
JCT33039	46700	1408	0	1	0	0	1
JCT33040	46030	310	0	1	0	0	1
JCT33040	46700	1412	0	1	0	0	1
JCT33041	46030	314	0	1	0	0	1
JCT33041	46700	1416	0	1	0	0	1
JCT33042	46030	318	0	1	0	0	1
JCT33042	46700	1420	0	1	0	0	1
JCT33043	46030	322	0	1	0	0	1
JCT33043	46700	1424	0	1	0	0	1
JCT33044	46030	326	0	1	0	0	1
JCT33044	46700	1428	0	1	0	0	1
JCT33045	46030	330	0	1	0	0	1
JCT33045	46700	1432	0	1	0	0	1
JCT33046	46030	334	0	1	0	0	1
JCT33046	46700	1436	0	1	0	0	1
JCT33047	46030	338	0	1	0	0	1
JCT33047	46700	1440	0	1	0	0	1
JCT33048	46030	342	0	1	0	0	1
JCT33048	46700	1444	0	1	0	0	1
JCT33049	46030	346	0	1	0	0	1
JCT33049	46700	1448	0	1	0	0	1
JCT33050	46030	350	0	1	0	0	1
JCT33050	46700	1452	0	1	0	0	1
JCT33051	46030	354	0	1	0	0	1
JCT33051	46700	1456	0	1	0	0	1
JCT33052	46030	358	0	1	0	0	1
JCT33052	46700	1460	0	1	0	0	1
JCT33053	46030	362	0	1	0	0	1
JCT33053	46700	1464	0	1	0	0	1
JCT33054	46030	366	0	1	0	0	1
JCT33054	46700	1468	0	1	0	0	1
JCT33055	46030	370	0	1	0	0	1
JCT33055	46700	1472	0	1	0	0	1
JCT33056	46030	374	0	1	0	0	1
JCT33056	46700	1476	0	1	0	0	1
JCT33057	46030	378	0	1	0	0	1
JCT33057	46700	1480	0	1	0	0	1
JCT34000	46030	382	3	1	0	0	1
JCT34000	46700	1484	3	1	0	0	1
JCT34001	46030	384	3	1	0	0	1
JCT34001	46700	1486	3	1	0	0	1
JCT34002	46030	386	3	1	0	0	1
JCT34002	46700	1488	3	1	0	0	1
JCT34003	46030	388	3	1	0	0	1
JCT34003	46700	1490	3	1	0	0	1
JCT34004	46030	390	3	1	0	0	1
JCT34004	46700	1492	3	1	0	0	1
JCT35000	46030	392	0	1	0	0	1
JCT35000	46700	1494	0	1	0	0	1
JCT35001	46030	396	0	1	0	0	1
JCT35001	46700	1498	0	1	0	0	1
JCT35002	46030	400	0	1	0	0	1
JCT35002	46700	1502	0	1	0	0	1
JCT35003	46030	404	0	1	0	0	1
JCT35003	46700	1506	0	1	0	0	1
JCT35004	46030	408	3	1	0	0	1
JCT35004	46700	1510	3	1	0	0	1
JCT35005	46030	410	0	1	0	0	1
JCT35005	46700	1512	0	1	0	0	1
JCT35006	46030	414	0	1	0	0	1
JCT35006	46700	1516	0	1	0	0	1
JCT35007	46030	418	0	1	0	0	1
JCT35007	46700	1520	0	1	0	0	1
JCT35008	46030	422	0	1	0	0	1
JCT35008	46700	1524	0	1	0	0	1
JCT35009	46030	426	0	1	0	0	1
JCT35009	46700	1528	0	1	0	0	1
JCT35010	46030	430	0	1	0	0	1
JCT35010	46700	1532	0	1	0	0	1
JCT35011	46030	434	0	1	0	0	1
JCT35011	46700	1536	0	1	0	0	1
JCT35012	46030	438	0	1	0	0	1
JCT35012	46700	1540	0	1	0	0	1
JCT35013	46030	442	0	1	0	0	1
JCT35013	46700	1544	0	1	0	0	1
JCT35014	46030	446	0	1	0	0	1
JCT35014	46700	1548	0	1	0	0	1
JCT35015	46030	450	0	1	0	0	1
JCT35015	46700	1552	0	1	0	0	1
JCT35016	46030	454	0	1	0	0	1
JCT35016	46700	1556	0	1	0	0	1
JCT35017	46030	458	0	1	0	0	1
JCT35017	46700	1560	0	1	0	0	1
JCT35018	46030	462	0	1	0	0	1
JCT35018	46700	1564	0	1	0	0	1
JCT35019	46030	466	0	1	0	0	1
JCT35019	46700	1568	0	1	0	0	1
JCT35020	46030	470	0	1	0	0	1
JCT35020	46700	1572	0	1	0	0	1
JCT35021	46030	474	0	1	0	0	1
JCT35021	46700	1576	0	1	0	0	1
JCT35022	46030	478	0	1	0	0	1
JCT35022	46700	1580	0	1	0	0	1
JCT35023	46030	482	0	1	0	0	1
JCT35023	46700	1584	0	1	0	0	1
JCT35024	46030	486	0	1	0	0	1
JCT35024	46700	1588	0	1	0	0	1
JCT35025	46030	490	0	1	0	0	1
JCT35025	46700	1592	0	1	0	0	1
JCT35026	46030	494	0	1	0	0	1
JCT35026	46700	1596	0	1	0	0	1
JCT35027	46030	498	0	1	0	0	1
JCT35027	46700	1600	0	1	0	0	1
JCT35028	46030	502	0	1	0	0	1
JCT35028	46700	1604	0	1	0	0	1
JCT35029	46030	506	0	1	0	0	1
JCT35029	46700	1608	0	1	0	0	1
JCT35030	46030	510	0	1	0	0	1
JCT35030	46700	1612	0	1	0	0	1
JCT35031	46030	514	0	1	0	0	1
JCT35031	46700	1616	0	1	0	0	1
JCT35032	46030	518	0	1	0	0	1
JCT35032	46700	1620	0	1	0	0	1
JCT35033	46030	522	0	1	0	0	1
JCT35033	46700	1624	0	1	0	0	1
JCT35034	46030	526	0	1	0	0	1
JCT35034	46700	1628	0	1	0	0	1
JCT35035	46030	530	0	1	0	0	1
JCT35035	46700	1632	0	1	0	0	1
JCT35036	46030	534	0	1	0	0	1
JCT35036	46700	1636	0	1	0	0	1
JCT35037	46030	538	0	1	0	0	1
JCT35037	46700	1640	0	1	0	0	1
JCT35038	46030	542	0	1	0	0	1
JCT35038	46700	1644	0	1	0	0	1
JCT35039	46030	546	0	1	0	0	1
JCT35039	46700	1648	0	1	0	0	1
JCT35040	46030	550	0	1	0	0	1
JCT35040	46700	1652	0	1	0	0	1
JCT35041	46030	554	0	1	0	0	1
JCT35041	46700	1656	0	1	0	0	1
JCT35042	46030	558	0	1	0	0	1
JCT35042	46700	1660	0	1	0	0	1
JCT35043	46030	562	0	1	0	0	1
JCT35043	46700	1664	0	1	0	0	1
JCT35044	46030	566	0	1	0	0	1
JCT35044	46700	1668	0	1	0	0	1
JCT35045	46030	570	0	1	0	0	1
JCT35045	46700	1672	0	1	0	0	1
JCT35046	46030	574	0	1	0	0	1
JCT35046	46700	1676	0	1	0	0	1
JCT35047	46030	578	0	1	0	0	1
JCT35047	46700	1680	0	1	0	0	1
JCT35048	46030	582	0	1	0	0	1
JCT35048	46700	1684	0	1	0	0	1
JCT35049	46030	586	0	1	0	0	1
JCT35049	46700	1688	0	1	0	0	1
JCT35050	46030	590	0	1	0	0	1
JCT35050	46700	1692	0	1	0	0	1
JCT35051	46030	594	0	1	0	0	1
JCT35051	46700	1696	0	1	0	0	1
JCT35052	46030	598	0	1	0	0	1
JCT35052	46700	1700	0	1	0	0	1
JCT35053	46030	602	0	1	0	0	1
JCT35053	46700	1704	0	1	0	0	1
JCT35054	46030	606	0	1	0	0	1
JCT35054	46700	1708	0	1	0	0	1
JCT36000	46030	610	3	1	0	0	1
JCT36000	46700	1712	3	1	0	0	1
JCT36001	46030	612	3	1	0	0	1
JCT36001	46700	1714	3	1	0	0	1
JCT36002	46030	614	3	1	0	0	1
JCT36002	46700	1716	3	1	0	0	1
JCT36003	46030	616	3	1	0	0	1
JCT36003	46700	1718	3	1	0	0	1
JCT36004	46030	618	3	1	0	0	1
JCT36004	46700	1720	3	1	0	0	1
JCT36005	46030	620	3	1	0	0	1
JCT36005	46700	1722	3	1	0	0	1
JCT36006	46030	622	3	1	0	0	1
JCT36006	46700	1724	3	1	0	0	1
JCT36007	46030	624	3	1	0	0	1
JCT36007	46700	1726	3	1	0	0	1
JCT36008	46030	626	3	1	0	0	1
JCT36008	46700	1728	3	1	0	0	1
JCT36009	46030	628	3	1	0	0	1
JCT36009	46700	1730	3	1	0	0	1
JCT36010	46030	630	3	1	0	0	1
JCT36010	46700	1732	3	1	0	0	1
JCT36011	46030	632	3	1	0	0	1
JCT36011	46700	1734	3	1	0	0	1
JCT36012	46030	634	3	1	0	0	1
JCT36012	46700	1736	3	1	0	0	1
JCT36013	46030	636	3	1	0	0	1
JCT36013	46700	1738	3	1	0	0	1
JCT36014	46030	638	3	1	0	0	1
JCT36014	46700	1740	3	1	0	0	1
JCT36015	46030	640	3	1	0	0	1
JCT36015	46700	1742	3	1	0	0	1
JCT36016	46030	642	3	1	0	0	1
JCT36016	46700	1744	3	1	0	0	1
JCT36017	46030	644	3	1	0	0	1
JCT36017	46700	1746	3	1	0	0	1
JCT36018	46030	646	3	1	0	0	1
JCT36018	46700	1748	3	1	0	0	1
JCT36019	46030	648	3	1	0	0	1
JCT36019	46700	1750	3	1	0	0	1
JCT36020	46030	650	3	1	0	0	1
JCT36020	46700	1752	3	1	0	0	1
JCT36021	46030	652	3	1	0	0	1
JCT36021	46700	1754	3	1	0	0	1
JCT36022	46030	654	3	1	0	0	1
JCT36022	46700	1756	3	1	0	0	1
JCT36023	46030	656	3	1	0	0	1
JCT36023	46700	1758	3	1	0	0	1
JCT36024	46030	658	3	1	0	0	1
JCT36024	46700	1760	3	1	0	0	1
JCT36025	46030	660	3	1	0	0	1
JCT36025	46700	1762	3	1	0	0	1
JCT36026	46030	662	3	1	0	0	1
JCT36026	46700	1764	3	1	0	0	1
JCT36027	46030	664	3	1	0	0	1
JCT36027	46700	1766	3	1	0	0	1
JCT36028	46030	666	3	1	0	0	1
JCT36028	46700	1768	3	1	0	0	1
JCT36029	46030	668	3	1	0	0	1
JCT36029	46700	1770	3	1	0	0	1
JCT36030	46030	670	3	1	0	0	1
JCT36030	46700	1772	3	1	0	0	1
JCT36031	46030	672	3	1	0	0	1
JCT36031	46700	1774	3	1	0	0	1
JCT36032	46030	674	3	1	0	0	1
JCT36032	46700	1776	3	1	0	0	1
JCT36033	46030	676	3	1	0	0	1
JCT36033	46700	1778	3	1	0	0	1
JCT36034	46030	678	3	1	0	0	1
JCT36034	46700	1780	3	1	0	0	1
JCT36035	46030	680	3	1	0	0	1
JCT36035	46700	1782	3	1	0	0	1
JCT37000	46030	682	5	1	0	0	1
JCT37000	46700	1784	5	1	0	0	1
JCT37001	46030	682	6	1	0	0	1
JCT37001	46700	1784	6	1	0	0	1
JCT37002	46030	682	7	1	0	0	1
JCT37002	46700	1784	7	1	0	0	1
JCT37003	46030	683	0	1	0	0	1
JCT37003	46700	1785	0	1	0	0	1
JCT37004	46030	683	1	1	0	0	1
JCT37004	46700	1785	1	1	0	0	1
JCT37005	46030	683	2	1	0	0	1
JCT37005	46700	1785	2	1	0	0	1
JCT37006	46030	683	3	1	0	0	1
JCT37006	46700	1785	3	1	0	0	1
JCT37007	46030	683	4	1	0	0	1
JCT37007	46700	1785	4	1	0	0	1
JCT37008	46030	683	5	1	0	0	1
JCT37008	46700	1785	5	1	0	0	1
JCT37009	46030	683	6	1	0	0	1
JCT37009	46700	1785	6	1	0	0	1
JCT37010	46030	683	7	1	0	0	1
JCT37010	46700	1785	7	1	0	0	1
JCT38000	46030	684	3	1	0	0	1
JCT38000	46700	1786	3	1	0	0	1
JCT38001	46030	686	3	1	0	0	1
JCT38001	46700	1788	3	1	0	0	1
JCT38002	46030	688	0	1	0	0	1
JCT38002	46700	1790	0	1	0	0	1
JCT38003	46030	690	0	1	0	0	1
JCT38003	46700	1792	0	1	0	0	1
JCT38004	46030	690	1	1	0	0	1
JCT38004	46700	1792	1	1	0	0	1
JCT38005	46030	691	1	1	0	0	1
JCT38005	46700	1793	1	1	0	0	1
JCT38006	46030	691	2	1	0	0	1
JCT38006	46700	1793	2	1	0	0	1
JCT38007	46030	691	3	1	0	0	1
JCT38007	46700	1793	3	1	0	0	1
JCT38008	46030	691	4	1	0	0	1
JCT38008	46700	1793	4	1	0	0	1
JCT38009	46030	691	5	1	0	0	1
JCT38009	46700	1793	5	1	0	0	1
JCT38010	46030	692	0	1	0	0	1
JCT38010	46700	1794	0	1	0	0	1
JCT38011	46030	693	0	1	0	0	1
JCT38011	46700	1795	0	1	0	0	1
JCT38012	46030	694	0	1	0	0	1
JCT38012	46700	1796	0	1	0	0	1
JCT38013	46030	695	0	1	0	0	1
JCT38013	46700	1797	0	1	0	0	1
JCT38014	46030	696	0	1	0	0	1
JCT38014	46700	1798	0	1	0	0	1
JCT38015	46030	698	0	1	0	0	1
JCT38015	46700	1800	0	1	0	0	1
JCT38016	46030	702	0	1	0	0	1
JCT38016	46700	1804	0	1	0	0	1
JCT38017	46030	707	6	1	0	0	1
JCT38017	46700	1809	6	1	0	0	1
JCT38018	46030	708	0	1	0	0	1
JCT38018	46700	1810	0	1	0	0	1
JCT38019	46030	710	0	1	0	0	1
JCT38019	46700	1812	0	1	0	0	1
JCT38020	46030	712	0	1	0	0	1
JCT38020	46700	1814	0	1	0	0	1
JCT38021	46030	714	0	1	0	0	1
JCT38021	46700	1816	0	1	0	0	1
JCT38022	46030	715	0	1	0	0	1
JCT38022	46700	1817	0	1	0	0	1
JCT38023	46030	716	0	1	0	0	1
JCT38023	46700	1818	0	1	0	0	1
JCT38024	46030	717	0	1	0	0	1
JCT38024	46700	1819	0	1	0	0	1
JCT38025	46030	718	0	1	0	0	1
JCT38025	46700	1820	0	1	0	0	1
JCT38026	46030	719	0	1	0	0	1
JCT38026	46700	1821	0	1	0	0	1
JCT38027	46030	720	0	1	0	0	1
JCT38027	46700	1822	0	1	0	0	1
JCT38028	46030	722	0	1	0	0	1
JCT38028	46700	1824	0	1	0	0	1
JCT38029	46030	724	0	1	0	0	1
JCT38029	46700	1826	0	1	0	0	1
JCT38030	46030	726	0	1	0	0	1
JCT38030	46700	1828	0	1	0	0	1
JCT38031	46030	728	0	1	0	0	1
JCT38031	46700	1830	0	1	0	0	1
JCT38032	46030	730	0	1	0	0	1
JCT38032	46700	1832	0	1	0	0	1
JCT38033	46030	732	0	1	0	0	1
JCT38033	46700	1834	0	1	0	0	1
JCT38034	46030	734	0	1	0	0	1
JCT38034	46700	1836	0	1	0	0	1
JCT38035	46030	736	0	1	0	0	1
JCT38035	46700	1838	0	1	0	0	1
JCT38036	46030	738	0	1	0	0	1
JCT38036	46700	1840	0	1	0	0	1
JCT38037	46030	740	0	1	0	0	1
JCT38037	46700	1842	0	1	0	0	1
JCT38038	46030	742	0	1	0	0	1
JCT38038	46700	1844	0	1	0	0	1
JCT38039	46030	744	0	1	0	0	1
JCT38039	46700	1846	0	1	0	0	1
JCT38040	46030	746	0	1	0	0	1
JCT38040	46700	1848	0	1	0	0	1
JCT38041	46030	748	0	1	0	0	1
JCT38041	46700	1850	0	1	0	0	1
JCT38042	46030	750	0	1	0	0	1
JCT38042	46700	1852	0	1	0	0	1
JCT38043	46030	752	0	1	0	0	1
JCT38043	46700	1854	0	1	0	0	1
JCT38044	46030	754	0	1	0	0	1
JCT38044	46700	1856	0	1	0	0	1
JCT38045	46030	756	0	1	0	0	1
JCT38045	46700	1858	0	1	0	0	1
JCT38046	46030	758	0	1	0	0	1
JCT38046	46700	1860	0	1	0	0	1
JCT38047	46030	760	0	1	0	0	1
JCT38047	46700	1862	0	1	0	0	1
JCT38048	46030	762	0	1	0	0	1
JCT38048	46700	1864	0	1	0	0	1
JCT38049	46030	764	0	1	0	0	1
JCT38049	46700	1866	0	1	0	0	1
JCT38050	46030	766	0	1	0	0	1
JCT38050	46700	1868	0	1	0	0	1
JCT38051	46030	768	0	1	0	0	1
JCT38051	46700	1870	0	1	0	0	1
JCT38052	46030	770	0	1	0	0	1
JCT38052	46700	1872	0	1	0	0	1
JCT38053	46030	772	0	1	0	0	1
JCT38053	46700	1874	0	1	0	0	1
JCT38054	46030	774	0	1	0	0	1
JCT38054	46700	1876	0	1	0	0	1
JCT38055	46030	776	0	1	0	0	1
JCT38055	46700	1878	0	1	0	0	1
JCT38056	46030	778	0	1	0	0	1
JCT38056	46700	1880	0	1	0	0	1
JCT38057	46030	780	0	1	0	0	1
JCT38057	46700	1882	0	1	0	0	1
JCT38058	46030	782	0	1	0	0	1
JCT38058	46700	1884	0	1	0	0	1
JCT38059	46030	784	0	1	0	0	1
JCT38059	46700	1886	0	1	0	0	1
JCT38060	46030	786	0	1	0	0	1
JCT38060	46700	1888	0	1	0	0	1
JCT38061	46030	788	0	1	0	0	1
JCT38061	46700	1890	0	1	0	0	1
JCT38062	46030	790	0	1	0	0	1
JCT38062	46700	1892	0	1	0	0	1
JCT38063	46030	792	0	1	0	0	1
JCT38063	46700	1894	0	1	0	0	1
JCT38064	46030	794	0	1	0	0	1
JCT38064	46700	1896	0	1	0	0	1
JCT38065	46030	796	0	1	0	0	1
JCT38065	46700	1898	0	1	0	0	1
JCT38066	46030	798	0	1	0	0	1
JCT38066	46700	1900	0	1	0	0	1
JCT40000	46031	18	0	1	0	0	1
JCT40000	46700	1902	0	1	0	0	1
JCT40001	46031	20	0	1	0	0	1
JCT40001	46700	1904	0	1	0	0	1
JCT40002	46031	20	1	1	0	0	1
JCT40002	46700	1904	1	1	0	0	1
JCT40003	46031	22	0	1	0	0	1
JCT40003	46700	1906	0	1	0	0	1
JCT40004	46031	26	0	1	0	0	1
JCT40004	46700	1910	0	1	0	0	1
JCT40005	46031	27	0	1	0	0	1
JCT40005	46700	1911	0	1	0	0	1
JCT40006	46031	28	0	1	0	0	1
JCT40006	46700	1912	0	1	0	0	1
JCT40007	46031	29	0	1	0	0	1
JCT40007	46700	1913	0	1	0	0	1
JCT40008	46031	30	0	1	0	0	1
JCT40008	46700	1914	0	1	0	0	1
JCT40009	46031	31	0	1	0	0	1
JCT40009	46700	1915	0	1	0	0	1
JCT40010	46031	32	0	1	0	0	1
JCT40010	46700	1916	0	1	0	0	1
JCT40011	46031	33	0	1	0	0	1
JCT40011	46700	1917	0	1	0	0	1
JCT40012	46031	34	0	1	0	0	1
JCT40012	46700	1918	0	1	0	0	1
JCT40013	46031	38	0	1	0	0	1
JCT40013	46700	1922	0	1	0	0	1
JCT40014	46031	40	0	1	0	0	1
JCT40014	46700	1924	0	1	0	0	1
JCT40015	46031	41	0	1	0	0	1
JCT40015	46700	1925	0	1	0	0	1
JCT40016	46031	41	4	1	0	0	1
JCT40016	46700	1925	4	1	0	0	1
JCT40017	46031	42	0	1	0	0	1
JCT40017	46700	1926	0	1	0	0	1
JCT40018	46031	43	0	1	0	0	1
JCT40018	46700	1927	0	1	0	0	1
JCT40019	46031	43	1	1	0	0	1
JCT40019	46700	1927	1	1	0	0	1
JCT40019	46701	1927	1	1	0	0	1
JCT40019	46702	1927	1	1	0	0	1
JCT40020	46031	43	5	1	0	0	1
JCT40020	46700	1927	5	1	0	0	1
JCT40021	46031	44	0	1	0	0	1
JCT40021	46700	1928	0	1	0	0	1
JCT40021	46701	1928	0	1	0	0	1
JCT40021	46702	1928	0	1	0	0	1
JCT40022	46031	46	0	1	0	0	1
JCT40022	46700	1930	0	1	0	0	1
JCT40023	46031	48	0	1	0	0	1
JCT40023	46700	1932	0	1	0	0	1
JCT40024	46031	50	0	1	0	0	1
JCT40024	46700	1934	0	1	0	0	1
JCT40025	46031	52	0	1	0	0	1
JCT40025	46700	1936	0	1	0	0	1
JCT40026	46031	54	0	1	0	0	1
JCT40026	46700	1938	0	1	0	0	1
JCT40027	46031	56	0	1	0	0	1
JCT40027	46700	1940	0	1	0	0	1
JCT40028	46031	58	0	1	0	0	1
JCT40028	46700	1942	0	1	0	0	1
JCT40029	46031	60	0	1	0	0	1
JCT40029	46700	1944	0	1	0	0	1
JCT40030	46031	62	0	1	0	0	1
JCT40030	46700	1946	0	1	0	0	1
JCT40031	46031	64	0	1	0	0	1
JCT40031	46700	1948	0	1	0	0	1
JCT40032	46031	66	0	1	0	0	1
JCT40032	46700	1950	0	1	0	0	1
JCT40033	46031	68	0	1	0	0	1
JCT40033	46700	1952	0	1	0	0	1
JCT40034	46031	70	0	1	0	0	1
JCT40034	46700	1954	0	1	0	0	1
JCT40035	46031	72	0	1	0	0	1
JCT40035	46700	1956	0	1	0	0	1
JCT41000	46031	74	0	1	0	0	1
JCT41000	46700	1958	0	1	0	0	1
JCT41001	46031	76	0	1	0	0	1
JCT41001	46700	1960	0	1	0	0	1
JCT41002	46031	76	1	1	0	0	1
JCT41002	46700	1960	1	1	0	0	1
JCT41003	46031	78	0	1	0	0	1
JCT41003	46700	1962	0	1	0	0	1
JCT41004	46031	82	0	1	0	0	1
JCT41004	46700	1966	0	1	0	0	1
JCT41005	46031	83	0	1	0	0	1
JCT41005	46700	1967	0	1	0	0	1
JCT41006	46031	84	0	1	0	0	1
JCT41006	46700	1968	0	1	0	0	1
JCT41007	46031	85	0	1	0	0	1
JCT41007	46700	1969	0	1	0	0	1
JCT41008	46031	86	0	1	0	0	1
JCT41008	46700	1970	0	1	0	0	1
JCT41009	46031	87	0	1	0	0	1
JCT41009	46700	1971	0	1	0	0	1
JCT41010	46031	88	0	1	0	0	1
JCT41010	46700	1972	0	1	0	0	1
JCT41011	46031	89	0	1	0	0	1
JCT41011	46700	1973	0	1	0	0	1
JCT41012	46031	90	0	1	0	0	1
JCT41012	46700	1974	0	1	0	0	1
JCT41013	46031	94	0	1	0	0	1
JCT41013	46700	1978	0	1	0	0	1
JCT41014	46031	96	0	1	0	0	1
JCT41014	46700	1980	0	1	0	0	1
JCT41015	46031	97	0	1	0	0	1
JCT41015	46700	1981	0	1	0	0	1
JCT41016	46031	97	4	1	0	0	1
JCT41016	46700	1981	4	1	0	0	1
JCT41017	46031	98	0	1	0	0	1
JCT41017	46700	1982	0	1	0	0	1
JCT41018	46031	99	0	1	0	0	1
JCT41018	46700	1983	0	1	0	0	1
JCT41019	46031	99	1	1	0	0	1
JCT41019	46700	1983	1	1	0	0	1
JCT41019	46703	1983	1	1	0	0	1
JCT41019	46704	1983	1	1	0	0	1
JCT41020	46031	99	5	1	0	0	1
JCT41020	46700	1983	5	1	0	0	1
JCT41021	46031	100	0	1	0	0	1
JCT41021	46700	1984	0	1	0	0	1
JCT41021	46703	1984	0	1	0	0	1
JCT41021	46704	1984	0	1	0	0	1
JCT41022	46031	102	0	1	0	0	1
JCT41022	46700	1986	0	1	0	0	1
JCT41023	46031	104	0	1	0	0	1
JCT41023	46700	1988	0	1	0	0	1
JCT41024	46031	106	0	1	0	0	1
JCT41024	46700	1990	0	1	0	0	1
JCT41025	46031	108	0	1	0	0	1
JCT41025	46700	1992	0	1	0	0	1
JCT41026	46031	110	0	1	0	0	1
JCT41026	46700	1994	0	1	0	0	1
JCT41027	46031	112	0	1	0	0	1
JCT41027	46700	1996	0	1	0	0	1
JCT41028	46031	114	0	1	0	0	1
JCT41028	46700	1998	0	1	0	0	1
JCT41029	46031	116	0	1	0	0	1
JCT41029	46700	2000	0	1	0	0	1
JCT41030	46031	118	0	1	0	0	1
JCT41030	46700	2002	0	1	0	0	1
JCT41031	46031	120	0	1	0	0	1
JCT41031	46700	2004	0	1	0	0	1
JCT41032	46031	122	0	1	0	0	1
JCT41032	46700	2006	0	1	0	0	1
JCT41033	46031	124	0	1	0	0	1
JCT41033	46700	2008	0	1	0	0	1
JCT41034	46031	126	0	1	0	0	1
JCT41034	46700	2010	0	1	0	0	1
JCT41035	46031	128	0	1	0	0	1
JCT41035	46700	2012	0	1	0	0	1
JCT42000	46031	130	0	1	0	0	1
JCT42000	46700	2014	0	1	0	0	1
JCT42001	46031	132	0	1	0	0	1
JCT42001	46700	2016	0	1	0	0	1
JCT42002	46031	132	1	1	0	0	1
JCT42002	46700	2016	1	1	0	0	1
JCT42003	46031	134	0	1	0	0	1
JCT42003	46700	2018	0	1	0	0	1
JCT42004	46031	138	0	1	0	0	1
JCT42004	46700	2022	0	1	0	0	1
JCT42005	46031	139	0	1	0	0	1
JCT42005	46700	2023	0	1	0	0	1
JCT42006	46031	140	0	1	0	0	1
JCT42006	46700	2024	0	1	0	0	1
JCT42007	46031	141	0	1	0	0	1
JCT42007	46700	2025	0	1	0	0	1
JCT42008	46031	142	0	1	0	0	1
JCT42008	46700	2026	0	1	0	0	1
JCT42009	46031	143	0	1	0	0	1
JCT42009	46700	2027	0	1	0	0	1
JCT42010	46031	144	0	1	0	0	1
JCT42010	46700	2028	0	1	0	0	1
JCT42011	46031	145	0	1	0	0	1
JCT42011	46700	2029	0	1	0	0	1
JCT42012	46031	146	0	1	0	0	1
JCT42012	46700	2030	0	1	0	0	1
JCT42013	46031	150	0	1	0	0	1
JCT42013	46700	2034	0	1	0	0	1
JCT42014	46031	152	0	1	0	0	1
JCT42014	46700	2036	0	1	0	0	1
JCT42015	46031	153	0	1	0	0	1
JCT42015	46700	2037	0	1	0	0	1
JCT42016	46031	153	4	1	0	0	1
JCT42016	46700	2037	4	1	0	0	1
JCT42017	46031	154	0	1	0	0	1
JCT42017	46700	2038	0	1	0	0	1
JCT42018	46031	155	0	1	0	0	1
JCT42018	46700	2039	0	1	0	0	1
JCT42019	46031	155	1	1	0	0	1
JCT42019	46700	2039	1	1	0	0	1
JCT42019	46705	2039	1	1	0	0	1
JCT42019	46706	2039	1	1	0	0	1
JCT42020	46031	155	5	1	0	0	1
JCT42020	46700	2039	5	1	0	0	1
JCT42021	46031	156	0	1	0	0	1
JCT42021	46700	2040	0	1	0	0	1
JCT42021	46705	2040	0	1	0	0	1
JCT42021	46706	2040	0	1	0	0	1
JCT42022	46031	158	0	1	0	0	1
JCT42022	46700	2042	0	1	0	0	1
JCT42023	46031	160	0	1	0	0	1
JCT42023	46700	2044	0	1	0	0	1
JCT42024	46031	162	0	1	0	0	1
JCT42024	46700	2046	0	1	0	0	1
JCT42025	46031	164	0	1	0	0	1
JCT42025	46700	2048	0	1	0	0	1
JCT42026	46031	166	0	1	0	0	1
JCT42026	46700	2050	0	1	0	0	1
JCT42027	46031	168	0	1	0	0	1
JCT42027	46700	2052	0	1	0	0	1
JCT42028	46031	170	0	1	0	0	1
JCT42028	46700	2054	0	1	0	0	1
JCT42029	46031	172	0	1	0	0	1
JCT42029	46700	2056	0	1	0	0	1
JCT42030	46031	174	0	1	0	0	1
JCT42030	46700	2058	0	1	0	0	1
JCT42031	46031	176	0	1	0	0	1
JCT42031	46700	2060	0	1	0	0	1
JCT42032	46031	178	0	1	0	0	1
JCT42032	46700	2062	0	1	0	0	1
JCT42033	46031	180	0	1	0	0	1
JCT42033	46700	2064	0	1	0	0	1
JCT42034	46031	182	0	1	0	0	1
JCT42034	46700	2066	0	1	0	0	1
JCT42035	46031	184	0	1	0	0	1
JCT42035	46700	2068	0	1	0	0	1
JCT43000	46031	186	0	1	0	0	1
JCT43000	46700	2070	0	1	0	0	1
JCT43001	46031	188	0	1	0	0	1
JCT43001	46700	2072	0	1	0	0	1
JCT43002	46031	188	1	1	0	0	1
JCT43002	46700	2072	1	1	0	0	1
JCT43003	46031	190	0	1	0	0	1
JCT43003	46700	2074	0	1	0	0	1
JCT43004	46031	194	0	1	0	0	1
JCT43004	46700	2078	0	1	0	0	1
JCT43005	46031	195	0	1	0	0	1
JCT43005	46700	2079	0	1	0	0	1
JCT43006	46031	196	0	1	0	0	1
JCT43006	46700	2080	0	1	0	0	1
JCT43007	46031	197	0	1	0	0	1
JCT43007	46700	2081	0	1	0	0	1
JCT43008	46031	198	0	1	0	0	1
JCT43008	46700	2082	0	1	0	0	1
JCT43009	46031	199	0	1	0	0	1
JCT43009	46700	2083	0	1	0	0	1
JCT43010	46031	200	0	1	0	0	1
JCT43010	46700	2084	0	1	0	0	1
JCT43011	46031	201	0	1	0	0	1
JCT43011	46700	2085	0	1	0	0	1
JCT43012	46031	205	0	1	0	0	1
JCT43012	46700	2089	0	1	0	0	1
JCT43013	46031	207	0	1	0	0	1
JCT43013	46700	2091	0	1	0	0	1
JCT43014	46031	208	0	1	0	0	1
JCT43014	46700	2092	0	1	0	0	1
JCT43015	46031	208	4	1	0	0	1
JCT43015	46700	2092	4	1	0	0	1
JCT43016	46031	210	0	1	0	0	1
JCT43016	46700	2094	0	1	0	0	1
JCT43017	46031	214	0	1	0	0	1
JCT43017	46700	2098	0	1	0	0	1
JCT43018	46031	218	0	1	0	0	1
JCT43018	46700	2102	0	1	0	0	1
JCT43019	46031	222	0	1	0	0	1
JCT43019	46700	2106	0	1	0	0	1
JCT43020	46031	226	0	1	0	0	1
JCT43020	46700	2110	0	1	0	0	1
JCT43021	46031	230	0	1	0	0	1
JCT43021	46700	2114	0	1	0	0	1
JCT43022	46031	234	0	1	0	0	1
JCT43022	46700	2118	0	1	0	0	1
JCT43023	46031	238	0	1	0	0	1
JCT43023	46700	2122	0	1	0	0	1
JCT43024	46031	242	0	1	0	0	1
JCT43024	46700	2126	0	1	0	0	1
JCT43025	46031	246	0	1	0	0	1
JCT43025	46700	2130	0	1	0	0	1
JCT43026	46031	250	0	1	0	0	1
JCT43026	46700	2134	0	1	0	0	1
JCT43027	46031	254	0	1	0	0	1
JCT43027	46700	2138	0	1	0	0	1
JCT43028	46031	258	0	1	0	0	1
JCT43028	46700	2142	0	1	0	0	1
JCT43029	46031	262	0	1	0	0	1
JCT43029	46700	2146	0	1	0	0	1
JCT43030	46031	266	0	1	0	0	1
JCT43030	46700	2150	0	1	0	0	1
JCT43031	46031	270	0	1	0	0	1
JCT43031	46700	2154	0	1	0	0	1
JCT43032	46031	274	0	1	0	0	1
JCT43032	46700	2158	0	1	0	0	1
JCT43033	46031	278	0	1	0	0	1
JCT43033	46700	2162	0	1	0	0	1
JCT43034	46031	282	0	1	0	0	1
JCT43034	46700	2166	0	1	0	0	1
JCT43035	46031	286	0	1	0	0	1
JCT43035	46700	2170	0	1	0	0	1
JCT43036	46031	290	0	1	0	0	1
JCT43036	46700	2174	0	1	0	0	1
JCT43037	46031	294	0	1	0	0	1
JCT43037	46700	2178	0	1	0	0	1
JCT43038	46031	298	0	1	0	0	1
JCT43038	46700	2182	0	1	0	0	1
JCT43039	46031	302	0	1	0	0	1
JCT43039	46700	2186	0	1	0	0	1
JCT43040	46031	306	0	1	0	0	1
JCT43040	46700	2190	0	1	0	0	1
JCT43041	46031	310	0	1	0	0	1
JCT43041	46700	2194	0	1	0	0	1
JCT43042	46031	314	0	1	0	0	1
JCT43042	46700	2198	0	1	0	0	1
JCT43043	46031	318	0	1	0	0	1
JCT43043	46700	2202	0	1	0	0	1
JCT43044	46031	322	0	1	0	0	1
JCT43044	46700	2206	0	1	0	0	1
JCT43045	46031	326	0	1	0	0	1
JCT43045	46700	2210	0	1	0	0	1
JCT43046	46031	330	0	1	0	0	1
JCT43046	46700	2214	0	1	0	0	1
JCT43047	46031	334	0	1	0	0	1
JCT43047	46700	2218	0	1	0	0	1
JCT43048	46031	338	0	1	0	0	1
JCT43048	46700	2222	0	1	0	0	1
JCT43049	46031	342	0	1	0	0	1
JCT43049	46700	2226	0	1	0	0	1
JCT43050	46031	346	0	1	0	0	1
JCT43050	46700	2230	0	1	0	0	1
JCT43051	46031	350	0	1	0	0	1
JCT43051	46700	2234	0	1	0	0	1
JCT43052	46031	354	0	1	0	0	1
JCT43052	46700	2238	0	1	0	0	1
JCT43053	46031	358	0	1	0	0	1
JCT43053	46700	2242	0	1	0	0	1
JCT43054	46031	362	0	1	0	0	1
JCT43054	46700	2246	0	1	0	0	1
JCT43055	46031	366	0	1	0	0	1
JCT43055	46700	2250	0	1	0	0	1
JCT43056	46031	370	0	1	0	0	1
JCT43056	46700	2254	0	1	0	0	1
JCT43057	46031	374	0	1	0	0	1
JCT43057	46700	2258	0	1	0	0	1
JCT43058	46031	378	0	1	0	0	1
JCT43058	46700	2262	0	1	0	0	1
JCT43059	46031	382	0	1	0	0	1
JCT43059	46700	2266	0	1	0	0	1
JCT43060	46031	386	0	1	0	0	1
JCT43060	46700	2270	0	1	0	0	1
JCT43061	46031	390	0	1	0	0	1
JCT43061	46700	2274	0	1	0	0	1
JCT43062	46031	394	0	1	0	0	1
JCT43062	46700	2278	0	1	0	0	1
JCT43063	46031	398	0	1	0	0	1
JCT43063	46700	2282	0	1	0	0	1
JCT43064	46031	402	0	1	0	0	1
JCT43064	46700	2286	0	1	0	0	1
JCT43065	46031	406	0	1	0	0	1
JCT43065	46700	2290	0	1	0	0	1
JCT43066	46031	410	0	1	0	0	1
JCT43066	46700	2294	0	1	0	0	1
JCT43067	46031	414	0	1	0	0	1
JCT43067	46700	2298	0	1	0	0	1
JCT43068	46031	418	0	1	0	0	1
JCT43068	46700	2302	0	1	0	0	1
JCT43069	46031	422	0	1	0	0	1
JCT43069	46700	2306	0	1	0	0	1
JCT43070	46031	426	0	1	0	0	1
JCT43070	46700	2310	0	1	0	0	1
JCT43071	46031	430	0	1	0	0	1
JCT43071	46700	2314	0	1	0	0	1
JCT43072	46031	434	0	1	0	0	1
JCT43072	46700	2318	0	1	0	0	1
JCT43073	46031	438	0	1	0	0	1
JCT43073	46700	2322	0	1	0	0	1
JCT43074	46031	442	0	1	0	0	1
JCT43074	46700	2326	0	1	0	0	1
JCT43076	46031	446	0	1	0	0	1
JCT43076	46700	2330	0	1	0	0	1
JCT43077	46031	450	0	1	0	0	1
JCT43077	46700	2334	0	1	0	0	1
JCT43078	46031	454	0	1	0	0	1
JCT43078	46700	2338	0	1	0	0	1
JCT43079	46031	458	0	1	0	0	1
JCT43079	46700	2342	0	1	0	0	1
JCT43080	46031	462	0	1	0	0	1
JCT43080	46700	2346	0	1	0	0	1
JCT43081	46031	466	0	1	0	0	1
JCT43081	46700	2350	0	1	0	0	1
JCT43082	46031	470	0	1	0	0	1
JCT43082	46700	2354	0	1	0	0	1
JCT43083	46031	474	0	1	0	0	1
JCT43083	46700	2358	0	1	0	0	1
JCT43084	46031	478	0	1	0	0	1
JCT43084	46700	2362	0	1	0	0	1
JCT43085	46031	482	0	1	0	0	1
JCT43085	46700	2366	0	1	0	0	1
JCT43086	46031	486	0	1	0	0	1
JCT43086	46700	2370	0	1	0	0	1
JCT43087	46031	490	0	1	0	0	1
JCT43087	46700	2374	0	1	0	0	1
JCT43088	46031	494	0	1	0	0	1
JCT43088	46700	2378	0	1	0	0	1
JCT43089	46031	498	0	1	0	0	1
JCT43089	46700	2382	0	1	0	0	1
JCT43090	46031	502	0	1	0	0	1
JCT43090	46700	2386	0	1	0	0	1
JCT43091	46031	506	0	1	0	0	1
JCT43091	46700	2390	0	1	0	0	1
JCT43092	46031	510	0	1	0	0	1
JCT43092	46700	2394	0	1	0	0	1
JCT43093	46031	514	0	1	0	0	1
JCT43093	46700	2398	0	1	0	0	1
JCT43094	46031	518	0	1	0	0	1
JCT43094	46700	2402	0	1	0	0	1
JCT43095	46031	522	0	1	0	0	1
JCT43095	46700	2406	0	1	0	0	1
JCT43096	46031	526	0	1	0	0	1
JCT43096	46700	2410	0	1	0	0	1
VER1APID	201	16	5				
VER1SSC	201	18	2				
VER2APID	202	16	5				
VER2SSC	202	18	2				
VER3APID	203	16	5				
VER3SSC	203	18	2				
VER4APID	204	16	5				
VER4SSC	204	18	2				
VER5APID	205	16	5				
VER5SSC	205	18	2				
VER6APID	206	16	5				
VER6SSC	206	18	2				
VER7APID	207	16	5				
VER7SSC	207	18	2				
VER8APID	208	16	5				
VER8SSC	208	18	2				
